10.1166 4.01528 0.801475
27.0402 5.32323 0.111244
25.2671 18.7293 0.431874
20.4819 24.6774 1.01671
11.3063 24.3658 1.0512
4.54762 24.4072 0.128141
26.5953 8.18674 1.26289
12.0297 0.312518 0.736013
17.7784 10.4544 0.332512
1.08368 21.2392 0.745309
12.8978 25.9608 1.19086
18.8368 13.6949 0.815828
12.1335 12.8093 0.999452
2.94573 19.6437 0.295114
16.5437 1.15962 0.740098
15.3607 19.6896 0.529005
18.3648 1.85422 0.378832
3.76493 2.04228 0.986572
24.4101 5.37111 0.767482
2.19364 26.9208 0.523551
3.42361 11.2436 0.961045
18.6347 16.4265 0.570814
27.3966 11.6535 0.660647
16.1095 9.89808 1.29183
20.2237 7.48772 0.192551
7.36478 10.8844 0.243868
11.7185 8.57381 0.761981
8.86016 11.8372 0.605841
13.8497 20.7843 0.647785
13.9558 15.0163 0.49262
0.307599 2.95735 1.12447
24.635 11.9539 1.00548
0.39933 6.3864 0.703412
25.8744 5.39743 0.234037
1.42994 4.47086 0.309527
6.81736 17.9257 1.00551
10.5286 19.117 0.869396
1.38946 7.96939 1.11968
6.67051 16.0007 0.324091
16.7601 21.8941 1.267
5.26385 12.274 0.346394
6.01179 16.6639 0.404838
13.6417 7.34888 0.799586
27.891 26.2475 0.306982
17.9326 4.69145 0.990685
23.2021 15.8112 0.194951
8.36323 2.66313 0.541617
13.6486 4.25263 0.823407
15.4146 15.979 0.857608
24.0312 8.00586 0.957184
18.7714 9.1073 0.259052
4.90578 22.3854 0.528291
3.48482 14.9785 0.660416
11.7094 15.911 1.13249
14.5362 21.6145 0.381038
14.8013 5.292 0.497169
17.7235 11.6316 0.579521
3.75613 23.5075 0.895091
23.6561 16.5055 0.549465
3.24734 24.889 0.4359
27.9413 23.6928 0.773193
26.3517 21.566 0.778879
9.85024 27.1198 0.995274
1.82784 0.129872 1.00244
1.40962 25.5964 0.881959
8.64729 15.4278 0.458822
14.36 1.53371 0.804113
6.02746 26.2539 0.382479
21.7416 2.5521 0.952765
5.91052 8.85056 0.462396
10.277 14.1006 0.808041
3.19966 7.53455 0.699014
7.81427 26.1406 0.961629
11.8506 6.66193 0.944316
4.90984 18.2976 0.702875
26.3134 14.2972 0.905271
0.282753 15.8916 1.17987
6.18461 27.8108 0.452476
16.6442 15.2161 0.292251
20.0107 16.23 0.558916
13.007 22.0683 0.687143
11.293 10.9418 0.39486
22.8472 22.981 0.395082
15.0373 27.1735 1.19918
9.76322 0.751561 0.226205
8.09098 5.60555 0.151041
27.4661 18.8367 0.766971
1.40044 12.0514 0.951412
8.71504 0.595387 0.507548
5.77978 13.9877 0.695081
25.9493 17.5336 0.932091
7.87734 19.2597 0.160146
12.6938 19.9931 0.202251
15.2179 2.85384 0.634662
22.5535 8.67591 0.564939
15.293 12.931 0.78351
2.71597 21.7648 0.342144
19.2896 19.2817 1.14769
22.6305 26.439 0.208397
27.9449 27.0731 0.224261
