28.3654 0.189636 0.868956
23.6286 2.88509 0.568847
9.06253 29.3433 0.675865
23.4815 16.3444 0.673093
26.0344 6.12699 0.904864
10.3596 1.46682 0.667508
22.9139 12.7151 0.866376
5.66796 10.707 0.77802
11.9112 26.4278 0.748282
1.49028 5.38294 0.535619
11.7738 29.6251 0.616536
19.2691 16.3743 0.527934
11.6129 9.06153 0.86384
7.73786 0.860241 0.570713
13.737 10.315 0.684267
20.5905 14.4445 0.757756
22.3905 9.50332 0.715855
3.47691 25.3969 0.892768
6.32257 23.4654 0.634537
20.0495 22.0275 0.661903
14.8618 27.6324 0.938687
8.95267 14.0988 0.793716
11.1773 22.7905 0.965731
27.6706 27.235 0.8402
18.2316 25.0676 0.840228
2.0842 27.4597 0.905984
26.1404 11.2523 0.51779
5.6357 16.9229 0.975897
15.7228 17.6404 0.855414
2.34313 16.5592 0.704632
6.876 20.7146 0.81894
16.1395 1.46969 0.796578
15.5824 7.24938 0.529934
0.394621 19.9916 0.691685
1.76831 23.3328 0.556713
29.3536 19.2688 0.72708
12.4429 6.58246 0.839436
28.5729 29.2396 0.703732
17.625 19.4173 0.584623
20.4604 28.9189 0.653702
9.03289 23.3281 0.725113
3.41777 10.2139 0.821622
16.7185 12.4477 0.823192
17.9274 7.27978 0.813054
20.2358 3.22113 0.867276
24.3813 8.55846 0.72301
12.7534 0.311631 0.994012
4.67662 13.0834 0.610347
27.149 2.79712 0.886964
9.52702 17.4146 0.695976
8.8455 6.21168 0.714523
2.3991 3.10813 0.968251
25.5723 17.8471 0.913385
22.4924 22.4134 0.943192
7.91258 9.40714 0.678296
28.0603 11.0111 0.898207
25.3654 15.4523 0.787713
0.0224362 22.3682 0.646416
29.8656 14.2867 0.980819
28.6855 4.97108 0.527069
17.1542 9.09464 0.571466
15.2018 21.9096 0.838808
24.9211 29.7764 0.85299
7.41094 25.1498 0.789912
18.401 2.01957 0.775838
14.392 4.29483 0.821764
9.40978 27.3253 0.585795
13.3621 24.7814 0.552499
0.476734 13.4172 0.502187
11.6487 15.8601 0.970354
20.9253 25.1393 0.779623
1.02986 0.741383 0.795792
5.70427 27.4995 0.847056
19.2054 10.1215 0.72883
16.1927 24.3851 0.677118
21.7319 5.73268 0.55239
1.32397 11.6423 0.715328
12.5574 19.9502 0.681995
27.6672 16.2727 0.545579
4.77837 19.7286 0.724381
19.3254 5.72996 0.538218
17.2033 3.92668 0.813846
29.672 25.9697 0.80034
29.8163 6.67281 0.939659
19.9727 11.8894 0.578919
25.7938 13.2286 0.677196
26.3106 21.6843 0.702767
5.83279 1.82607 0.800454
5.57314 7.80609 0.826341
9.33477 11.573 0.686471
6.918 12.6802 0.583688
23.1397 19.9726 0.958803
29.5687 22.4309 0.570616
21.031 0.711119 0.672081
17.6701 29.0048 0.693307
28.3861 23.6868 0.65352
27.57 14.1405 0.502351
2.67323 19.0872 0.624208
29.7333 16.6912 0.583038
22.9238 29.2915 0.669338
