17.1597 0.759871 0.996719
18.6812 8.57336 0.961115
1.10558 19.7475 0.974109
3.83114 14.3213 0.990879
0.617789 8.66726 0.670353
8.5679 7.60954 0.635077
0.973529 29.6615 0.527947
18.3418 21.1366 0.642167
7.58001 2.48981 0.690001
20.2448 15.5162 0.6184
29.5563 12.029 0.803257
16.9516 15.2523 0.762943
20.8023 2.70272 0.674235
1.90664 5.24592 0.939574
27.6856 19.168 0.82324
3.6684 17.2064 0.744582
16.4348 26.2026 0.811787
28.7126 22.0071 0.647424
9.60748 28.1122 0.555536
2.78058 8.14832 0.501052
24.4003 29.6216 0.879715
2.08271 27.5912 0.567559
15.5597 18.465 0.701317
10.9147 26.3618 0.619315
7.32592 27.7728 0.565133
25.0287 5.91696 0.840219
23.2629 13.58 0.746526
15.1707 12.172 0.988422
8.26926 15.7361 0.663315
1.04917 1.59333 0.999105
8.69491 12.9875 0.832999
28.0575 26.8071 0.552237
14.2212 7.25466 0.881603
13.003 29.4427 0.627777
4.35423 0.818044 0.997087
1.86324 22.0641 0.692958
27.9656 24.7785 0.560687
20.5268 6.03409 0.76688
6.276 7.64869 0.679978
24.5353 9.39162 0.567531
22.4525 9.32119 0.869833
23.3844 2.8834 0.632374
16.3068 9.86884 0.574337
13.0586 16.1039 0.906449
28.4793 8.97008 0.949906
29.0497 17.6574 0.71016
21.9812 17.2344 0.738404
20.8434 22.706 0.870812
1.20049 12.714 0.830708
17.0611 3.00725 0.61083
4.49457 28.33 0.855742
26.7191 13.4852 0.678783
21.8216 11.7173 0.950397
6.69717 22.9163 0.817643
10.5853 16.9454 0.933903
6.24569 15.617 0.779981
14.2733 26.3647 0.540467
13.3966 24.0908 0.87166
7.19044 19.4846 0.618861
1.18691 24.3148 0.776546
3.76036 20.5859 0.789899
7.32513 11.5857 0.599768
25.1287 17.6691 0.639785
19.3937 0.40046 0.714128
5.51969 18.876 0.564486
21.6438 29.8155 0.657797
29.2101 15.55 0.598823
9.55203 23.3017 0.530668
8.80248 0.235733 0.745866
19.3082 18.7579 0.85945
28.9879 5.52144 0.637144
11.1036 21.0507 0.657042
15.31 16.5995 0.515028
23.2073 0.707528 0.59785
5.22321 12.8522 0.504049
11.7119 18.8111 0.554541
29.4241 24.0266 0.529351
11.3927 11.1714 0.585803
18.0222 27.6113 0.735026
28.1536 0.0859989 0.943808
28.8813 3.59402 0.549148
18.4382 23.4155 0.78084
19.6424 10.8085 0.50257
3.36172 10.717 0.682691
16.9356 5.41443 0.897078
22.9628 19.4832 0.656925
22.4493 4.67276 0.702298
19.4998 13.5109 0.584199
16.4936 22.6896 0.697156
14.3466 2.63299 0.65066
9.45489 4.35323 0.801044
15.6479 28.8022 0.907269
13.5996 21.5352 0.661719
27.2928 11.3856 0.585315
12.2806 5.84069 0.785603
14.4243 9.85806 0.554177
21.8579 7.33322 0.543412
1.48698 16.1581 0.511781
10.7637 2.41051 0.78477
17.8459 12.5207 0.528673
