15.3223 23.3789 0.715923
12.7252 12.1121 0.866203
11.6925 27.5252 0.821513
3.1317 19.3475 0.679617
4.49317 23.718 0.728977
21.3969 28.9899 0.888659
7.06219 25.2493 0.593827
20.8674 18.6011 0.773159
22.6544 7.55707 0.969623
25.4173 7.038 0.831686
21.9677 10.3453 0.815223
28.7903 13.4323 0.746276
27.0322 0.865047 0.82452
18.0287 7.12015 0.575131
29.8543 19.5605 0.626656
3.72403 10.904 0.983531
7.80495 13.4832 0.769723
27.5626 21.8844 0.718398
22.5679 15.1413 0.70809
15.3486 3.80908 0.523862
16.0173 14.7653 0.942149
10.3107 19.9476 0.994039
18.1961 24.8871 0.540958
10.3478 17.8141 0.590146
14.2147 10.1289 0.553048
27.5173 8.39728 0.782733
5.31429 21.0389 0.899364
26.6652 13.9963 0.951264
10.3953 23.3653 0.737189
29.4791 3.35198 0.892471
18.3568 23.1587 0.678948
6.46838 7.6821 0.741538
15.865 16.9941 0.567168
17.4613 11.7552 0.85628
4.94727 15.9973 0.923888
1.25594 12.9655 0.779228
10.0667 15.2697 0.705138
4.60382 0.779126 0.755505
26.8877 3.4936 0.551837
15.8219 1.34274 0.664692
28.5363 9.98955 0.565052
12.9467 7.27691 0.695095
12.1058 16.0762 0.573595
10.6261 1.16333 0.774125
1.86857 6.25784 0.53289
1.18051 23.3493 0.970684
19.0271 0.816888 0.792387
11.1814 29.6329 0.579395
17.7525 28.1442 0.779314
20.1703 21.1411 0.880571
9.36233 7.9432 0.964968
0.829125 4.53642 0.671666
13.5607 2.14666 0.843707
26.0658 29.7771 0.526194
0.138503 10.0145 0.77364
27.6432 17.9309 0.927668
13.9829 26.5018 0.804321
8.67363 4.62589 0.554828
24.6509 28.3192 0.866648
14.6503 20.4884 0.729278
24.9263 12.1488 0.50258
29.0797 23.7339 0.787544
9.91212 3.54588 0.552409
20.2824 13.8641 0.876472
7.63375 15.7045 0.819839
3.54249 14.0457 0.554283
15.4702 29.017 0.509241
8.08856 11.404 0.538963
7.0892 18.9232 0.506006
19.9694 5.05866 0.814925
0.711097 8.16383 0.537259
9.11449 27.2071 0.969326
0.230389 16.7463 0.838938
13.2331 24.1536 0.960577
18.9392 3.31306 0.704565
0.338648 19.147 0.730315
10.5445 5.15342 0.563321
28.238 26.4213 0.673761
13.1273 18.8216 0.838196
21.2402 0.387275 0.681831
28.6093 5.4992 0.901211
7.6288 1.93946 0.527911
6.44048 28.8894 0.590633
20.1641 24.6481 0.552409
22.7167 26.7748 0.520216
2.79769 0.649724 0.503875
23.4713 17.0262 0.749111
3.21728 29.4989 0.508187
15.0524 5.41313 0.607046
20.1974 16.8271 0.574201
4.48529 26.7344 0.831012
24.9521 9.07017 0.510289
20.3857 7.64593 0.502948
15.1493 8.136 0.908163
25.7812 21.9219 0.532853
27.4028 11.514 0.680125
18.3334 14.6672 0.61314
23.367 13.2191 0.798464
2.5369 16.0975 0.979672
22.5186 19.9873 0.619822
