8.89861 9.28982 0.679104
16.5511 24.9442 0.672989
21.2181 23.3878 0.644385
8.85159 17.6234 0.541801
18.5553 19.9707 0.948741
22.0193 10.7006 0.746515
25.392 15.2488 0.557447
27.7154 14.2737 0.576045
21.3536 5.29623 0.891801
4.97549 26.744 0.980757
2.25399 2.90267 0.646884
10.4194 20.3407 0.73234
1.45744 6.64984 0.885747
12.6595 1.50691 0.520872
6.73052 29.3019 0.878492
0.810909 28.6758 0.782329
1.98174 13.401 0.788107
19.7365 12.3062 0.692466
5.99756 21.1737 0.813092
10.7385 2.189 0.629668
21.2536 28.1939 0.986279
29.0609 19.0006 0.992718
12.8433 23.6634 0.65875
19.814 25.9256 0.829553
7.70537 8.03102 0.511086
14.1653 9.88133 0.574006
25.9751 4.3382 0.969775
13.615 15.4875 0.607358
25.4725 18.034 0.638994
26.1251 27.6664 0.719604
18.4122 7.98079 0.550865
10.7094 26.4342 0.809751
16.2964 15.9022 0.667569
12.9662 12.9745 0.573987
11.7422 16.4885 0.718831
17.483 1.53759 0.971079
15.2667 22.7766 0.777358
0.38235 20.6398 0.942149
14.8989 20.2647 0.51655
25.8111 0.0372602 0.525711
14.7039 25.8177 0.812599
6.02509 9.88392 0.545703
16.8082 10.7061 0.599727
3.86238 16.8153 0.815903
15.9154 7.0783 0.953726
8.17732 21.4221 0.874178
18.9281 5.05825 0.792157
17.5524 29.0351 0.906741
22.8314 18.3163 0.747957
7.67202 3.58815 0.958089
6.94646 24.5477 0.672092
14.3541 0.150473 0.891405
25.043 2.4511 0.56536
28.1444 24.4843 0.543787
4.04396 19.3992 0.638258
28.574 9.85968 0.955797
17.5403 22.9238 0.727053
29.5508 5.76984 0.703351
1.51832 9.38244 0.627607
2.11887 25.0157 0.621373
5.96904 17.1058 0.553645
26.4089 12.4894 0.528895
4.1143 8.54132 0.916697
13.7502 6.85289 0.508308
11.1336 6.11489 0.512679
29.9363 13.6562 0.606516
0.036032 25.66 0.862847
14.9821 13.6451 0.982928
14.1361 4.11174 0.961429
23.4886 22.1039 0.771121
23.0481 2.0557 0.774405
17.604 14.4754 0.521919
20.1925 8.05059 0.567853
29.0975 0.336175 0.635162
23.4898 15.0635 0.612803
10.2653 10.9039 0.814849
8.41283 26.9745 0.783535
28.7227 28.2716 0.574009
28.1823 3.97895 0.712106
23.6818 29.6918 0.941217
4.03565 29.1966 0.694222
7.98698 12.1218 0.82717
29.4385 15.8766 0.800681
1.12105 1.09181 0.759956
19.4129 17.0272 0.724239
19.4525 10.052 0.503606
9.69894 23.4511 0.788199
3.63451 24.2488 0.547174
0.55536 16.9579 0.695065
15.458 28.3433 0.550771
13.35 21.9707 0.60059
23.9692 8.2357 0.584105
9.00839 5.48517 0.7181
27.3259 21.6579 0.978548
20.818 19.1944 0.885177
7.51338 0.542444 0.809042
5.81932 14.3618 0.986314
20.78 15.0768 0.717007
9.60196 13.9142 0.772902
16.6246 27.1689 0.512584
