22.7972 16.5024 0.683333
18.8695 6.49874 0.986471
28.292 2.93973 0.691623
9.62286 16.4805 0.763781
27.417 27.7416 0.549997
28.6107 15.4855 0.74985
5.99122 21.8868 0.911343
9.6666 5.29221 0.860117
27.8738 24.3169 0.938242
0.19957 11.2677 0.757431
24.5468 21.7196 0.834468
26.7316 10.8418 0.922162
15.3527 10.4609 0.980394
3.05651 25.1214 0.717719
7.66118 18.2688 0.743179
0.162011 22.3958 0.517056
21.2387 10.0296 0.548532
18.8409 26.6277 0.784769
29.7159 6.25138 0.859491
26.118 0.87923 0.571334
1.38401 8.99785 0.898421
11.503 11.4951 0.667671
13.4222 7.73227 0.783894
10.4102 22.6695 0.999418
0.0306171 2.88381 0.6719
27.027 13.9853 0.513017
5.45315 0.516933 0.996947
14.0702 25.9041 0.667185
7.87883 7.66096 0.511996
10.9152 7.36621 0.536002
8.18017 25.9947 0.74882
8.44515 29.2725 0.927968
12.822 1.84345 0.827271
8.98555 10.836 0.881612
23.4858 29.1696 0.620762
16.8757 19.59 0.807534
2.21151 22.8725 0.644017
18.1383 3.19057 0.797186
18.7622 21.7637 0.71369
7.51873 1.25675 0.678261
13.6999 28.3098 0.847268
22.163 3.7313 0.671024
1.3688 19.1682 0.905763
3.74499 2.34732 0.59832
5.79088 29.9457 0.86803
8.24194 3.64741 0.718894
17.5929 0.0194937 0.525892
20.2584 16.3456 0.702334
15.6848 16.8854 0.527797
23.7679 11.4584 0.674549
14.6877 21.9119 0.547364
25.6633 12.9121 0.549621
4.19439 17.5835 0.74072
26.134 18.8601 0.987052
15.8673 1.63508 0.937402
21.3334 28.1347 0.974978
24.3999 0.262463 0.62941
28.2263 20.6924 0.918049
11.3007 9.54786 0.583624
15.2658 12.9488 0.920447
11.2906 25.9592 0.622259
4.86351 12.61 0.995194
14.0365 5.07704 0.775255
22.214 7.19609 0.853159
29.5423 26.2286 0.976467
26.2933 16.4752 0.777241
21.2765 23.6526 0.513858
20.3521 25.2088 0.608238
29.3587 11.0202 0.807951
27.6025 6.10167 0.645615
19.2084 11.2744 0.639332
0.821586 28.9983 0.87347
25.7155 3.01764 0.550554
28.6933 18.0843 0.817477
3.66404 20.6713 0.74678
11.8236 20.8723 0.577872
19.1221 13.5927 0.762797
15.9979 26.8366 0.518716
3.13917 27.8275 0.956771
23.4242 9.00711 0.800583
13.526 15.9333 0.833342
11.7381 4.02809 0.910798
21.6486 14.6141 0.643452
12.3037 29.9797 0.716788
5.82012 8.43146 0.595495
21.9362 20.8601 0.97073
17.9061 24.1566 0.566067
10.3712 19.2016 0.967538
1.18825 5.83558 0.605352
18.8447 18.0752 0.751704
20.1277 1.73605 0.65478
0.534842 24.9251 0.511968
3.3536 14.7092 0.756212
17.9309 9.54258 0.500753
7.34267 23.8077 0.887043
16.5418 8.71049 0.554197
1.57404 16.5 0.833982
17.6444 28.5378 0.709869
2.3783 1.00579 0.769799
26.2051 4.80739 0.518101
