2.76888 16.9114 0.732023
18.3431 2.20873 0.871234
7.91945 7.23117 0.594872
8.31719 4.55086 0.784344
19.584 23.7599 0.728693
1.5617 2.00344 0.759335
16.8762 15.8207 0.732319
4.91324 26.2048 0.542609
16.1935 21.9134 0.989898
5.6703 29.3113 0.960141
15.4124 14.0955 0.602414
15.883 6.0029 0.996926
25.7316 9.62521 0.758392
29.9111 19.3043 0.734295
3.63502 23.8716 0.915148
2.15638 10.4224 0.808488
14.5312 28.9436 0.697284
26.8296 1.95971 0.685684
0.507718 17.4424 0.647748
0.0752008 22.1542 0.60939
19.9233 29.0024 0.549072
29.2025 24.2622 0.98268
26.7626 12.3106 0.51212
3.39486 27.8615 0.506017
29.2845 8.50315 0.886229
12.583 10.4534 0.917622
8.48735 1.18089 0.53925
10.6647 15.9092 0.874316
22.9051 18.1032 0.784703
4.81843 10.5517 0.659817
15.0167 11.2641 0.643468
18.5051 6.11348 0.855647
28.2668 4.94667 0.717565
29.945 17.0729 0.950589
5.70178 0.67423 0.725851
16.6002 12.1712 0.578857
22.5591 21.6211 0.558678
17.7933 28.4605 0.523603
4.5419 15.4855 0.504585
25.0334 5.93327 0.965357
28.8638 12.9566 0.944634
24.5665 2.61782 0.658975
6.9925 19.9468 0.631426
10.8559 12.6092 0.69746
16.459 25.7054 0.726083
18.8129 17.7369 0.613518
1.79509 26.1648 0.995814
8.85583 24.0679 0.664632
29.7521 29.9844 0.872257
26.9382 14.9238 0.781261
26.216 0.137872 0.655776
13.0033 16.5585 0.901085
0.960464 14.3423 0.769293
2.37791 6.66433 0.93537
5.84807 17.415 0.715508
22.0435 15.1268 0.930122
12.3992 22.2815 0.842252
21.3485 9.46933 0.559388
27.2947 19.2333 0.70758
26.3488 27.495 0.832741
22.3357 26.2697 0.714276
12.5938 6.63393 0.919494
18.8069 14.0472 0.517913
24.0571 28.7977 0.691544
14.6823 2.47175 0.802009
19.3584 11.2634 0.702281
6.35593 23.6766 0.857849
24.2796 13.2679 0.707733
5.13012 7.67679 0.626115
22.5986 5.63307 0.937832
10.8761 20.2803 0.558719
5.08225 13.241 0.922105
10.2644 28.3306 0.958093
7.96848 28.9109 0.856779
15.3785 17.6578 0.93131
17.6296 19.1432 0.691013
26.9369 17.2371 0.594853
11.0574 3.86266 0.761092
1.02073 23.8181 0.676609
29.1238 2.89592 0.616609
8.93253 11.9838 0.714913
24.1539 0.04134 0.836047
11.7118 25.4845 0.805722
24.6525 15.7116 0.533526
7.35374 15.2453 0.837237
2.52679 18.7258 0.507534
9.02224 21.9146 0.801811
28.5313 0.0871371 0.657414
9.6113 8.74963 0.580569
11.7445 0.398163 0.568567
18.9362 20.7472 0.537123
0.0154617 19.6608 0.95786
14.2984 23.1254 0.51855
1.6278 29.249 0.611524
19.7767 26.093 0.665531
24.9337 18.765 0.54327
28.6152 28.0351 0.816448
2.8825 21.3926 0.622381
21.0927 3.74344 0.569202
26.9704 21.7471 0.629938
