29.5749 20.4288 0.800454
9.26267 18.6152 0.900223
16.8249 9.00966 0.854789
29.0484 6.66153 0.666303
25.7547 9.46576 0.8264
11.075 6.07852 0.640132
0.190736 1.9973 0.841026
21.8223 12.5667 0.947671
25.7543 20.7243 0.518797
12.9358 15.683 0.535678
14.278 20.4859 0.915348
17.0249 14.6148 0.867789
14.125 26.0809 0.611805
7.38346 22.9226 0.619854
8.78964 1.18988 0.723379
20.7944 7.98749 0.775606
0.293207 11.4246 0.504973
6.09962 13.9099 0.954903
16.2468 25.9008 0.843187
10.8591 28.3323 0.911394
27.6998 1.51637 0.728164
5.99525 25.1273 0.938687
11.5445 0.468512 0.781401
25.5237 0.839467 0.507103
24.1309 6.59406 0.740855
24.1358 18.4773 0.721839
10.5144 22.3462 0.898448
28.6543 10.9095 0.973854
21.4104 21.8664 0.649393
18.6142 22.938 0.796731
11.3699 12.6539 0.968541
28.913 16.1082 0.590404
28.291 27.1786 0.71004
3.5338 18.5596 0.897587
4.69213 1.62616 0.796979
15.8888 12.0288 0.674555
14.4932 29.4036 0.613769
18.8505 0.294804 0.774846
1.85255 27.1622 0.55191
10.837 3.87803 0.558423
1.6172 13.3745 0.875505
2.55395 20.4262 0.653239
24.9629 29.4447 0.657789
28.7145 29.5898 0.91971
29.6587 13.1968 0.814028
23.0799 27.1437 0.569848
6.37224 29.9929 0.785251
1.78361 7.0888 0.862931
19.2948 17.6425 0.872991
8.1471 15.8256 0.98754
6.08605 20.9367 0.530031
18.9176 15.2844 0.5729
13.6373 11.5053 0.839986
18.0977 27.6496 0.864332
19.2396 2.95923 0.84877
11.0473 15.0277 0.84468
13.9491 13.9982 0.588272
21.2511 18.9789 0.516131
23.8676 22.1453 0.664803
29.6061 3.74497 0.90367
27.1116 18.3888 0.663944
17.2197 5.42142 0.800587
18.9353 12.7751 0.871669
27.2692 16.4441 0.523529
16.9687 17.8689 0.716285
26.6554 4.47632 0.948882
10.0743 25.019 0.721214
12.0113 10.1498 0.544184
26.1558 12.0569 0.969177
29.6131 23.6667 0.535472
16.1567 21.259 0.507139
7.35357 28.1955 0.635306
15.1896 2.70714 0.853235
20.7241 15.2845 0.662961
2.17182 24.0656 0.996494
6.46516 18.7496 0.945048
7.15648 10.315 0.610802
15.4301 6.48441 0.692706
22.7332 8.6233 0.606944
12.6986 2.24851 0.766882
0.351778 5.4487 0.617989
0.239301 28.6113 0.624389
20.3791 25.7879 0.783571
2.1695 29.7146 0.923889
14.5757 0.195001 0.675779
13.0786 24.4112 0.72875
21.7824 2.46462 0.992902
24.0805 3.72668 0.790561
27.0685 14.6336 0.538493
29.5257 25.3225 0.581853
1.08617 9.80197 0.576249
8.99047 13.0462 0.505055
11.1452 17.4829 0.718224
0.307213 16.7429 0.803888
8.71306 7.37098 0.882418
20.801 5.81304 0.505424
18.5665 7.64172 0.559104
10.9523 8.45023 0.738821
23.8449 16.0455 0.545498
7.00311 0.187903 0.778133
