12.182 6.87972 0.722951
18.965 6.74204 0.70665
0.611449 6.33816 0.896572
20.3346 14.7158 0.641075
13.0277 16.7023 0.664898
1.17417 0.814873 0.934746
13.8708 11.9209 0.606554
8.0992 27.8199 0.917063
15.1227 0.466214 0.63771
21.5003 29.3951 0.673118
25.0665 0.128275 0.623493
28.8694 23.5096 0.631918
24.6862 2.88791 0.803757
3.78957 11.5327 0.8039
17.4129 1.50846 0.793918
9.7933 0.5144 0.580875
7.71746 4.24432 0.705197
8.70071 7.39605 0.606077
25.4969 9.25696 0.87142
2.2189 28.335 0.578724
15.5966 5.25631 0.686764
19.5754 27.2543 0.702761
20.778 20.8053 0.811743
18.6688 21.7491 0.890147
18.2231 12.1782 0.685889
5.41608 25.1305 0.816098
21.5593 17.2343 0.659952
5.0278 8.30636 0.982433
26.3745 1.79948 0.524503
27.5536 6.44704 0.628977
28.4211 3.47909 0.85298
13.2749 13.9862 0.864635
6.48337 20.9915 0.539696
14.8071 20.9901 0.910282
11.0335 4.54011 0.845041
22.4051 2.89263 0.760186
14.2966 27.6075 0.694655
24.6419 21.5054 0.828834
21.2448 1.0719 0.877986
22.949 18.567 0.701222
29.0998 11.0185 0.900558
0.092018 16.6796 0.652255
7.05051 11.8612 0.577693
7.45333 22.7227 0.867352
22.1197 11.5627 0.658659
12.4359 25.7615 0.601567
3.15231 23.9064 0.695782
7.97282 17.5693 0.949357
29.3469 18.8654 0.978044
28.8735 8.73451 0.698571
28.6298 15.6902 0.675723
11.6132 10.9021 0.802494
4.7653 28.6887 0.836367
18.5237 4.55859 0.647631
8.08551 1.71441 0.880243
23.9564 15.2097 0.78382
14.7055 29.718 0.756336
3.6216 21.0484 0.727499
0.141107 22.4533 0.634043
18.7281 17.0382 0.85637
6.51427 0.282563 0.563688
23.2545 0.408649 0.661633
17.3875 10.034 0.89782
11.2641 27.4904 0.848254
4.97267 22.4555 0.549889
24.722 6.41746 0.802419
21.6431 27.0926 0.701942
1.22254 4.20553 0.660083
15.9973 15.4554 0.761553
2.02975 19.2408 0.910346
18.556 24.4567 0.944149
10.9027 16.3517 0.529649
1.35464 10.6035 0.514106
14.1954 9.1444 0.609221
14.666 3.35644 0.681098
17.1007 6.89531 0.59808
10.9453 20.9812 0.916888
9.58343 24.0962 0.766932
26.4807 17.0338 0.845278
4.88777 18.3315 0.674077
1.68893 13.2535 0.558945
5.28983 15.9829 0.693202
9.12199 10.7828 0.647787
24.6799 27.5688 0.560355
10.1693 18.56 0.92897
15.3346 18.8255 0.730419
23.3183 29.3016 0.602023
14.382 7.32204 0.629512
9.13283 12.7461 0.76021
1.9456 17.2255 0.538068
27.3177 26.5714 0.691219
25.864 14.0181 0.55569
27.0622 12.0015 0.826148
7.26749 8.90167 0.655655
20.5097 4.83259 0.726379
4.2713 0.412459 0.95991
15.1288 24.5257 0.950546
1.53317 15.1489 0.740204
11.0679 14.0347 0.842273
16.9818 28.887 0.66472
