21.8789 11.1014 0.963639
11.1719 8.12507 0.728417
18.0108 4.50933 0.707637
9.85508 29.9816 0.922388
4.16458 1.46495 0.517575
18.0177 7.75755 0.52503
11.7106 2.19595 0.969773
6.10761 1.31408 0.563886
20.5456 18.8203 0.791183
16.0115 23.2731 0.535201
1.50751 1.16494 0.657645
9.69789 5.57294 0.530525
9.99107 22.9342 0.62962
15.6536 3.08924 0.56376
13.1245 8.45077 0.664603
24.7307 8.0261 0.650495
20.4909 8.95476 0.858335
5.29294 12.6338 0.616547
16.1082 5.75861 0.962553
16.7934 21.4544 0.528289
25.3059 11.011 0.588917
7.0038 21.5427 0.953653
23.8081 19.9835 0.721332
18.578 28.322 0.624777
9.81362 16.7615 0.76459
7.05515 7.22042 0.914561
2.03302 21.1631 0.69447
14.1716 18.9449 0.97865
15.6924 15.5839 0.543282
26.2366 18.0781 0.621604
6.52188 16.3329 0.519883
2.2169 29.3857 0.573158
11.1838 26.5118 0.891614
0.820063 10.5291 0.839416
3.81347 29.6748 0.505874
11.44 12.0556 0.938585
9.46528 0.931196 0.801182
1.20904 23.1349 0.919652
19.5735 6.0881 0.680357
21.9921 6.03866 0.87441
8.09709 10.9958 0.921348
21.0911 25.388 0.834921
16.7458 28.2482 0.512631
29.2182 7.6689 0.973626
27.8637 21.6037 0.825173
16.9131 9.67185 0.690161
2.2452 25.6857 0.797625
27.4956 5.56932 0.737647
7.41784 2.74666 0.579665
2.71744 17.4723 0.611326
26.6941 16.0044 0.580993
7.81901 25.3459 0.527481
12.7766 15.5322 0.515603
5.32936 27.0117 0.599767
24.005 15.5517 0.763718
25.7173 3.50794 0.517579
21.7089 20.8856 0.739696
24.5195 0.985705 0.82784
19.5198 1.151 0.639865
7.98519 13.9051 0.677375
13.1843 4.87763 0.771069
13.3854 23.5317 0.692864
29.62 0.629077 0.994666
11.6405 9.93873 0.579554
8.17691 27.499 0.772501
27.2505 27.6121 0.910165
4.75503 22.0718 0.589478
6.03392 18.9877 0.718932
29.3347 10.1949 0.550378
22.2632 13.9882 0.604788
18.1454 15.5357 0.943859
13.4705 0.482094 0.584984
18.773 20.3684 0.717998
16.7967 18.352 0.901796
23.3276 3.77513 0.679234
0.485108 13.5513 0.800782
15.3615 0.243696 0.637403
27.2251 2.10081 0.653615
10.1369 19.9038 0.84243
23.0687 22.6497 0.586483
20.6479 15.2309 0.799442
24.1402 28.7538 0.929111
2.17825 6.81685 0.836766
16.0455 26.0226 0.500248
28.7095 19.4514 0.924978
0.312552 3.31854 0.621137
18.8403 22.9406 0.70524
5.10078 8.19314 0.655422
20.8928 3.85464 0.642457
12.0323 21.731 0.881568
3.40183 11.6159 0.521332
4.70487 17.0778 0.806558
26.5545 0.447932 0.611903
25.4779 5.64269 0.708475
20.2968 27.196 0.557774
14.1671 26.8551 0.901581
14.4063 13.234 0.690202
3.35085 27.5209 0.626028
17.1496 1.56554 0.764136
27.3126 13.6193 0.751045
