17.3906 2.57364 0.540331
11.2936 22.5037 0.503241
13.3117 8.37388 0.679459
5.15818 17.8863 0.574664
19.6948 16.7687 0.883127
22.9318 29.0362 0.971243
1.93451 20.8252 0.980968
0.385596 0.345145 0.885378
28.2385 28.5256 0.759337
27.5214 8.92946 0.553218
13.9703 14.6609 0.768725
5.66054 29.874 0.565615
23.4624 17.3976 0.593862
21.2442 6.65468 0.718392
29.9717 14.7793 0.572159
13.2297 1.7535 0.570353
15.6743 8.51539 0.731949
9.14908 19.191 0.825622
9.01483 7.21626 0.954178
23.5545 20.7023 0.800406
28.7018 23.0638 0.778081
9.31013 2.21479 0.871963
29.9835 4.703 0.887806
17.2551 4.77878 0.76107
24.5838 1.9693 0.712376
6.01186 1.5034 0.645771
11.5923 20.5374 0.767563
13.595 3.69539 0.807011
9.13966 22.1404 0.572886
20.4022 2.32324 0.697742
13.7464 20.8706 0.844794
17.1812 15.4564 0.531068
6.25669 19.7282 0.575484
6.05762 10.9821 0.69692
0.821442 15.3868 0.579094
3.76909 9.81881 0.723879
29.2268 25.0696 0.53974
17.0536 24.3309 0.744099
11.8262 4.56027 0.507999
26.8259 15.0631 0.511029
8.19919 10.4387 0.868547
27.1159 12.7298 0.869387
5.24227 14.3884 0.731396
14.9557 22.9826 0.708437
14.4867 26.4758 0.866218
28.5387 0.289708 0.847815
0.927146 17.8375 0.876969
22.685 8.74505 0.721457
2.9146 28.9457 0.624505
22.6781 11.1147 0.541215
20.2082 11.2174 0.930289
16.9559 21.4354 0.645444
7.73415 23.9311 0.59512
8.14975 13.6021 0.786424
1.80698 24.2927 0.699257
26.3709 10.1405 0.554342
20.3676 23.0838 0.648199
0.383329 11.3083 0.54816
17.7341 18.6315 0.958108
11.8624 0.201816 0.778229
2.33636 4.16322 0.605134
0.868885 26.5839 0.576019
2.98909 12.6053 0.704841
3.35492 0.0865491 0.798664
16.2187 29.4156 0.609343
10.3143 26.619 0.820292
18.5157 28.5701 0.89259
12.0017 16.0377 0.916455
28.6651 19.8217 0.78211
27.1259 2.56856 0.637621
12.1431 27.8353 0.720698
12.7982 24.2887 0.680843
22.8359 5.57803 0.596652
7.77518 16.1203 0.810302
26.0546 7.32414 0.782776
10.0526 11.6025 0.680866
16.9406 10.5581 0.622794
12.825 11.352 0.93263
15.9742 6.54351 0.690488
27.0427 4.48255 0.536525
6.95528 27.9516 0.574242
28.4395 16.822 0.639889
29.7535 7.01534 0.688032
9.71901 4.50727 0.82167
15.2971 18.9503 0.971599
27.0334 21.9473 0.580446
5.04819 26.8757 0.68969
1.85645 7.47813 0.722748
21.6452 19.1681 0.799169
26.1061 16.956 0.953424
23.3387 15.4114 0.716385
5.60523 8.0641 0.847485
29.7277 12.9102 0.667612
17.9295 13.09 0.959061
0.00801453 6.54884 0.813395
23.2369 0.273014 0.691364
25.8806 0.627345 0.553055
12.0708 6.72669 0.685283
13.3091 17.7144 0.619545
9.07914 29.652 0.837197
