21.9065 25.3416 0.709501
26.4968 5.72226 0.796962
22.2178 7.61405 0.810408
3.8426 10.3449 0.810498
4.67661 19.1468 0.970488
6.62139 14.4047 0.804803
18.9932 15.3898 0.842023
11.6131 13.0198 0.730456
16.4835 6.68142 0.693665
1.39387 27.4816 0.672644
0.00361362 6.09105 0.986981
11.7734 15.2377 0.631105
9.17493 20.8004 0.626022
9.09743 4.82579 0.596778
29.285 6.70934 0.933749
28.8716 20.3428 0.71758
27.7552 28.7226 0.689893
25.305 13.8555 0.594053
28.3425 1.90219 0.739271
18.1811 20.7026 0.568437
1.09389 9.65533 0.734506
13.567 8.98049 0.891448
20.6607 20.7727 0.715576
25.8851 0.346992 0.526833
1.96369 15.5693 0.972671
2.16611 3.74066 0.716367
21.6208 14.5958 0.870477
12.1628 4.97361 0.945146
1.55761 23.1563 0.917887
2.36706 0.548924 0.517878
6.93629 9.9907 0.764722
23.2811 12.2113 0.67989
6.39057 0.175878 0.977922
23.5234 19.8076 0.791721
16.0395 12.6669 0.502952
18.9527 3.14988 0.721434
19.142 25.6249 0.909218
14.3141 11.2581 0.985974
25.4954 17.2652 0.784665
29.8685 10.7149 0.832394
25.7788 21.953 0.83893
4.06154 12.7164 0.618932
11.7098 29.2338 0.921641
0.110902 18.2791 0.735768
18.3331 7.31706 0.555937
27.9666 24.8096 0.749895
17.6852 22.9863 0.709502
10.1861 0.94174 0.802252
15.8617 29.4087 0.894198
17.0129 19.2803 0.710121
14.4161 13.9638 0.722564
29.4553 22.7384 0.818347
27.756 8.81849 0.764109
22.6507 0.0266805 0.934183
16.6234 3.44204 0.781201
10.2292 8.76697 0.725671
9.79008 14.0086 0.696302
4.18293 16.864 0.856733
8.16508 2.39247 0.72196
6.12574 12.3033 0.649796
23.3243 29.9217 0.994492
13.4012 21.2471 0.725697
28.0722 26.8617 0.626273
19.6332 28.3415 0.799014
18.5944 5.63759 0.642899
13.5024 2.7403 0.782771
4.09308 27.1372 0.730798
20.8826 10.6573 0.678581
25.1335 9.54094 0.703023
2.39132 29.1996 0.769726
23.878 5.49457 0.869128
6.08232 25.0726 0.508502
22.6188 23.1832 0.784297
2.85757 25.2826 0.55828
10.4614 24.8999 0.864019
6.73005 17.7889 0.736387
2.90849 2.14831 0.537394
6.76424 20.1993 0.735573
13.6396 18.1165 0.947869
25.9166 19.3634 0.818453
11.6683 19.0162 0.716584
28.7454 15.1308 0.939959
18.5351 0.63666 0.87544
29.2772 17.2853 0.534079
13.5745 27.6551 0.644967
10.8028 22.517 0.999087
23.4296 2.55373 0.527835
17.8081 10.6795 0.919806
26.5138 12.4769 0.715263
1.39089 13.1382 0.990418
2.83232 21.326 0.500141
8.29578 15.818 0.867238
6.50435 7.26346 0.623997
21.4529 4.0079 0.777941
27.4913 18.2492 0.527615
26.6143 2.52069 0.575006
8.6963 17.8763 0.584307
5.60573 22.4711 0.839652
14.7672 23.2591 0.538949
0.0245313 2.22107 0.920991
