0.0288115 0.0132152 
0.0385339 0.0168229 0.0217379 0.0346003 0.0670375 
0.0177488 0.0962024 
0.0118042 0.0289609 
0.00831952 0.0180379 0.0225494 0.0393149 
0.0081154 0.0163774 0.0200601 0.0422024 
0.00742959 0.0219627 0.00948366 0.0245843 0.040584 0.0451221 
0.0126472 0.0136023 0.0207147 0.0915231 
0.0127212 0.0121076 0.0203802 0.0379955 
0.013709 0.0131152 
0.0079037 0.038576 0.012904 0.0410146 
0.00950353 0.0151935 0.0399601 
0.03946 0.0112634 0.00620786 0.0162241 0.0348586 0.0468576 
0.0155766 0.0282439 0.0665113 
0.0100105 
0.0185796 0.0130427 0.00959989 0.0202075 0.0200321 0.0224764 0.0526808 
0.00711141 0.00955993 0.0213808 0.0260515 0.051701 
0.00991704 0.0207017 0.0576904 0.0500157 
0.0184649 0.0482914 0.0491374 
0.0119659 0.00930233 0.0219789 0.0536157 
0.0080165 0.0163521 0.00937839 0.0248648 0.0498615 0.207723 
0.0175932 0.0130865 0.0227828 0.0653876 0.0353296 0.034271 
0.0126746 0.0238131 0.0361725 
0.00655484 0.0101227 0.0162308 0.0197176 
0.00686034 0.00832827 0.0158358 0.0276823 
0.0208555 0.00603171 0.0138105 0.0199208 0.0321178 
0.0122951 0.0227677 
0.00788308 0.0359522 
0.00641565 0.0155598 0.0421425 
0.0095292 0.0130018 
0.0149056 0.0183526 0.0200504 0.025969 
0.010255 0.0109614 0.0283075 0.0709622 0.0388586 
0.0145109 0.0364848 0.0140113 0.0386094 
0.0437411 0.0133876 0.0102949 0.0435977 0.0396949 0.0348236 
0.0136834 0.019137 0.0474242 0.0525765 
0.00730305 0.0123123 0.019495 0.125193 0.10294 
0.0141997 
0.00892234 0.0169242 0.0348309 
0.0105767 0.00798257 0.0170172 0.0260395 0.14221 0.0275279 0.0444208 
0.00734876 0.0191319 0.0184095 
0.00848127 0.0210882 0.0429459 
0.0119453 0.0123744 0.030227 0.0404686 
0.00830266 0.0429236 
0.0131016 0.00963557 0.0201124 
0.0241587 0.00811078 0.012906 0.0367039 
0.00875642 0.0152072 0.0134425 0.0249578 0.0394811 
0.008944 0.0323845 
0.0164977 0.0106986 0.0191729 0.0515454 0.0448086 
0.0203733 0.0209412 0.0950945 
0.00893459 0.0214544 0.154189 
0.0118799 0.0198272 0.0358147 0.0527679 
0.00982207 0.0196943 0.0185027 0.0061835 0.0221431 0.0615181 0.164351 0.0481338 0.0311857 
0.0122167 0.0201833 
0.0111533 0.017463 0.0236225 0.0287301 0.0239816 0.0108167 0.0119782 0.0259976 0.0675295 0.0519666 0.0573393 
0.0106265 0.038041 0.0489449 0.0423403 
0.00664175 0.0131133 0.0108304 
0.00915179 0.0187925 0.0459157 
0.0160857 0.0176682 0.0234873 0.00678387 0.0211473 0.0503269 0.0386211 0.0686861 
0.0146975 0.0112078 0.0167444 0.0361269 
0.00712414 0.0583202 
0.0116716 0.0167628 0.0295632 0.0563292 
0.016556 0.0113883 0.119492 
0.00786082 0.015983 0.032338 
0.0101918 0.0953642 
0.00934785 0.0250164 0.0388043 
0.00811128 0.0172549 0.0203907 
0.0371871 0.00830423 0.0165019 
0.00789936 0.0110311 0.0292671 0.0479258 
0.00876755 0.018362 0.0447009 
0.0133922 0.00928876 0.0345002 
0.0203953 0.0128014 0.0553393 0.0419173 0.0438437 
0.0115951 0.0259306 
0.0105777 0.0294523 0.036721 
0.028625 0.00796305 0.0269313 0.019399 0.0459619 
0.00743218 0.012977 0.00853567 0.0160209 0.0416129 
0.00854444 0.0432968 0.012305 0.0155364 0.0278446 
0.0121602 0.0185387 0.0363102 
0.00811312 0.0387404 
0.0230943 0.0168889 0.0593172 
0.00905782 0.0394781 
0.0530727 0.0167695 0.0217296 0.0394149 
0.0125775 0.029224 0.0144304 0.0141676 
0.00879733 0.0095528 0.0145626 0.0209794 
0.0298646 0.00684047 0.0501948 0.206484 0.0152234 0.0237539 0.0452997 
0.250071 0.016119 0.0211956 0.0472225 
0.0227692 0.027562 0.0545629 
0.00986923 0.0203724 0.0200582 
0.007913 0.0127006 0.020264 0.0102523 0.0240379 0.0262583 0.0362344 
0.0204874 0.00751999 0.0140816 0.0407803 0.0504424 
0.0309037 0.0143766 0.0245271 0.0392748 
0.00919167 0.00939102 0.0274081 0.0747388 0.0473716 
0.0253952 0.00649252 0.017476 0.0371638 
0.00868421 0.0182448 0.0335504 
0.01004 0.017666 0.0220027 0.0578102 0.0245283 0.0679127 0.0347498 0.037905 
0.00839035 0.037022 0.00965773 0.0263764 0.0346481 0.037586 
0.00905266 0.0195642 0.0335473 
0.0111498 0.0459597 0.0273862 0.0523524 
0.0208236 0.0089359 0.0115915 0.0219287 0.0449106 0.0461004 0.0516685 
0.0117381 0.0157089 
0.0106553 0.0134611 0.0291992 0.0275671 0.0472915 
