0.00201705 0.00628908 
0.00117222 0.00122024 0.00746351 0.00137267 
0.00626035 0.000567421 0.00165295 0.00195631 
0.00324672 
0.00178047 0.00337584 0.00258316 0.00880775 
0.00236872 0.00193049 
0.00142184 0.00179468 
0.00109687 0.0020532 0.00659585 
0.000952043 0.0052927 0.00716031 0.00560282 
0.00128993 0.00442547 0.00340615 
0.000989284 0.00119602 0.00483356 0.00455419 0.00462799 0.000692499 0.000182317 
0.00659308 0.00109725 0.00482738 
0.00234624 0.00291188 0.00154013 
0.00262409 0.00183295 0.00195008 
0.00232622 0.000522485 0.000896457 0.0023349 
0.00242252 0.00307381 0.000657061 
0.000677801 0.0012093 0.00267464 
0.000794644 0.00320038 0.0032477 0.00224228 
0.00193426 0.0570905 0.000358082 0.00384099 
0.00211729 0.00151736 0.00183234 
0.00127789 0.00879453 0.0207444 0.00212454 
0.000841944 0.000670256 0.00474365 0.00185128 
0.00688289 0.00710877 
0.00260671 0.0113409 
0.00165824 0.00784354 0.00586514 0.00150674 
0.00297245 0.000973414 0.0244218 0.00624662 0.00100239 
0.00284979 0.00256741 0.000906577 0.00223952 0.00394483 0.00271375 
0.00109899 0.00170124 0.00191674 
0.000923198 0.00158473 0.00636748 0.00355056 0.00724242 0.000227584 
0.0037618 0.00212712 0.000539437 0.00537601 
0.00173003 0.00585948 0.00265883 
0.000564595 0.00196436 0.00283617 
0.000577359 0.00125463 0.00676075 
0.00199323 0.000998582 0.00263643 0.00451937 
0.00104513 0.00339626 0.00261225 
0.0014062 0.000937726 0.00220226 0.00305709 0.00353177 
0.00582667 
0.000503649 0.00411631 0.000847303 0.0037076 0.00384829 
0.000984354 0.00194309 0.00431969 
0.00220514 0.00290635 0.00494421 0.00190915 0.000411424 
0.00079841 0.00182052 0.00334944 0.00347853 0.00399513 0.00344945 0.00440549 
0.00209318 0.0204583 0.00668225 0.00196947 
0.00214745 0.00119182 0.00161226 0.0013902 
0.000937415 0.00110012 0.00495063 
0.00349129 0.00953705 0.00133301 0.000650819 
0.00126655 0.00126369 0.00633375 
0.00293649 0.000898551 
0.00175129 0.00463282 0.00214295 
0.00183925 0.349098 0.000552883 0.000395784 0.00307401 0.00316383 
0.00141515 0.00943027 0.00025734 
0.0012657 0.000893922 0.00351845 0.003591 0.00263646 
0.000334938 0.00168361 0.00128127 
0.00443404 0.00168555 0.000391195 0.00207548 0.00236959 
0.00433137 0.00167474 0.000190984 0.00451968 
0.000863665 0.00408205 0.00060814 0.00124974 0.0053685 
0.000921896 0.00382774 
0.00160425 0.000896717 0.00363434 
0.00182322 0.00241711 0.0106249 0.00167892 0.00207348 0.00150759 0.00171664 0.00276448 0.000235939 0.000209238 0.000616134 9.1534e-05 0.000445118 8.4501e-05 0.000187527 0.000347141 0.00110012 
0.00271222 0.00242854 0.0120453 0.00862148 
0.00725668 0.00153808 0.00210665 0.000800285 0.00159716 0.00220422 0.00504033 0.0112692 0.00139951 0.0067339 0.00241739 0.00165276 0.00133054 0.00219725 0.0039731 0.00241863 0.00210312 0.00533206 0.0087452 0.00386554 0.00183584 0.0021217 0.00106771 0.00116279 0.00140983 0.00389375 0.00197959 0.002605 0.013624 0.0130977 0.033345 0.00692285 0.0020834 0.000673352 0.000486226 8.2828e-05 
0.00278611 0.00231959 0.00127547 0.00149279 0.580142 0.0459288 0.00121444 0.0037794 0.00179232 0.00166412 0.00311348 0.00105583 0.006869 0.0264018 0.000821044 0.00282059 0.00249966 0.00176775 0.00579689 0.000239917 0.000326381 0.0015127 0.00105881 
0.00414448 0.00427631 
0.0021714 0.00294619 0.00255158 
0.00172852 0.00533817 
0.0017342 0.00587954 
0.00278785 0.00357265 0.00209136 
0.00275307 0.000595895 0.00394885 0.00263116 
0.00340513 0.00176557 0.00632058 
0.00179678 0.000654357 0.00204936 
0.000911335 0.00387344 0.013273 
0.00268773 0.00114946 
0.00199976 0.00605262 0.0125724 
0.00113924 0.00125856 0.00157833 0.00219078 
0.000716645 0.00255482 
0.00181104 0.00658101 0.00277688 0.00286278 0.000299009 0.000113025 9.448e-05 
0.00133278 0.000723478 0.00322551 0.00340904 0.000305232 
0.000915373 0.0074484 
0.000526413 0.00563475 0.00708881 0.00220528 
0.00112965 0.00133019 0.00155763 
0.00114688 0.00116516 0.000657692 0.00207952 
0.00141144 0.0104076 0.0120068 0.00121393 
0.00086132 0.00199834 0.0036063 
0.000760809 0.00475789 0.00624931 0.000570487 0.000727606 0.00138959 0.00540199 0.000443966 0.000411083 0.00154868 0.000489863 0.00127059 0.00176129 0.00365107 0.00621929 0.00370443 0.000654947 0.000469354 0.00429342 0.00592929 0.000853746 0.00126594 0.00544332 0.00897104 0.00874753 0.00169436 0.00223318 0.00224435 0.00218004 0.000860038 0.062736 0.00351028 0.000995225 0.00186237 0.000946853 0.000917377 0.00226521 0.00571398 0.00268481 0.101131 0.00718375 0.00316984 0.00141785 0.0016359 0.00222636 0.00323779 0.00283105 0.000848676 0.00045163 0.00122234 0.000735491 0.000158151 6.3862e-05 5.5375e-05 
0.00214423 0.000929139 0.00499619 
0.000581367 0.0025482 0.000818668 0.000629549 0.00161322 0.000536642 0.000310701 8.6365e-05 5.7319e-05 0.000316082 0.000343795 
0.00160834 0.00137647 0.00118471 0.000585135 
0.00146202 0.00179785 
0.00124548 0.0015028 0.000176937 0.023118 0.002865 0.0016669 0.00305193 0.00166105 0.00184012 0.00122896 0.000166447 0.000116912 
0.00174313 0.00198696 0.00246397 
0.0014177 0.00147627 
0.000773313 0.00399205 
0.00135453 0.00188642 0.0260282 0.000419589 0.0024553 

0.000522375 0.000856972 0.0033981 0.00263624 
0.000813639 0.000802188 0.00515185 0.00389539 0.00170273 0.00304357 0.000221321 0.000203147 
0.000803581 0.00194986 0.000988663 0.00324948 
0.00264622 0.000650448 0.0032175 
0.00116505 0.00322839 0.00903056 0.00614547 0.0207602 0.0413681 0.00699537 0.00150945 0.00261014 0.00344795 0.00103021 0.000747764 
0.00037251 0.000594512 0.00177134 
0.0015866 0.00362917 0.00214248 0.000877261 0.00112059 0.000347502 0.000105371 
