0.0201961 0.0183932 
0.00376442 0.00491187 0.0169629 0.0153816 
0.010115 0.00938276 0.00799191 0.013828 0.0271638 0.0150534 0.0283146 0.0201669 
0.00571772 0.037168 0.0210045 0.0128272 
0.00477447 0.00849982 0.0372028 0.00799734 0.00815112 
0.0026971 0.00347003 0.0101595 0.0142315 0.0766271 0.0144897 0.0175515 
0.00642093 0.00581588 0.00772001 0.0141474 0.02397 
0.00570855 0.00708168 0.0207966 0.0108645 
0.0112684 0.0160084 
0.00422523 0.00354106 0.0184034 0.00596759 0.0220274 
0.112193 0.0293041 0.00956587 0.0164626 0.0072142 0.00898044 0.0146043 0.0747012 0.00588968 0.00908288 0.0116124 0.00848792 0.0151831 0.0253731 0.0138768 0.011103 0.0159021 0.00861827 0.00927314 0.00683364 
0.0036542 0.00382013 0.00651491 0.0133228 0.0245227 0.0174619 0.0161969 
0.00383311 0.00462416 0.0104321 0.0228361 0.0112297 0.0235599 0.0251329 0.0139481 0.0142786 0.0140182 
0.00381587 0.0211305 0.00836657 0.0359648 0.00844495 0.00738473 0.00709441 0.0204042 
0.00413784 0.00626786 0.0208525 
0.00386061 0.00973208 0.0268068 0.0103034 0.0167363 
0.00369513 0.0113737 0.0191583 
0.00798996 0.00936588 0.0149653 
0.00540167 0.00795322 0.00687475 0.0284006 0.0127156 0.0478321 0.00919295 0.00547913 0.0171408 
0.0073847 0.00385131 0.00568025 0.0329294 0.0103959 0.00666764 0.0229454 
0.00479001 0.00535885 0.00542007 0.0102394 
0.0107246 0.0174616 0.0254333 
0.00441735 0.00711377 0.00621641 0.00951504 0.0153327 0.0206809 
0.00715282 0.0371891 
0.00767805 0.0134917 0.0166365 
0.0330235 0.018102 0.0133172 
0.00339686 0.0637263 0.0246192 0.0466489 0.00947182 0.0187906 0.00684896 0.0134274 0.0209171 0.0250938 0.0173892 0.0200745 0.0169882 0.0113143 0.0135418 0.029856 0.0104572 0.00997644 0.0170977 0.0137547 0.0188248 
0.00325916 0.00457319 0.00540779 0.00999901 
0.0115369 0.0122243 0.0107779 0.0193085 0.0171904 
0.00498573 0.0295128 0.00687933 
0.00808443 0.0143325 0.0283048 0.00588723 
0.00439268 0.00513373 0.0076842 0.0223666 0.00849777 
0.00472438 0.0205997 0.00900148 0.0172123 
0.00348183 0.00782001 0.0248908 0.0310369 0.0198926 0.0105217 0.0189535 0.0209241 0.0186694 0.0211915 0.0264042 
0.00895581 0.0308941 0.0260649 
0.00926393 0.00759433 0.00487544 0.0108071 0.00627857 0.0237308 0.0112859 
0.00282846 0.0101759 0.0132783 
0.00987544 0.0145351 0.0114387 0.0113585 
0.00375565 0.0755983 0.0134438 
0.00364256 0.0196708 0.00316657 0.0126312 0.0287857 0.00721313 0.0122541 0.0207904 0.0126856 
0.00464868 0.0191619 0.00978511 0.0355139 
0.00319076 0.00720404 0.0107092 0.00498848 0.0202075 0.0114764 
0.00284523 0.00818603 0.0110368 0.0157561 
0.00801297 0.0070513 0.0141733 0.0175914 
0.0326458 0.00840934 0.010039 
0.00411197 0.00969629 0.00569234 0.0159332 0.0146067 0.0272371 
0.00496773 0.00628801 0.00725172 0.0155709 0.0206505 
0.00549513 0.0104701 0.00835078 0.0695839 0.0137238 0.0118784 
0.00390721 0.0172549 0.0103475 
0.00862354 0.0108132 0.029671 0.0267348 0.0188228 0.0245391 0.0176728 0.0168963 
0.00386133 0.0109373 0.0371479 
0.0119076 0.00305115 0.00546186 0.0100619 0.0138213 
0.0158256 0.00343343 0.00817208 0.0185502 0.0110003 0.0163032 0.0223321 
0.00843856 0.0145404 0.00372073 0.00382315 0.0104293 0.0174211 0.0307606 
0.00386863 0.00446634 0.0194603 0.0110533 
0.00391719 0.00580077 0.00700109 0.015456 0.0106872 
0.0182882 0.0061103 0.0093211 0.0234722 0.0549326 0.0221035 
0.00394251 0.0106876 0.0116538 0.0216598 0.0241642 
0.00423142 0.00603148 0.0114354 0.0119519 0.0223323 
0.00237182 0.00412038 0.00814028 0.00562241 0.00921763 0.0130416 0.0246239 0.0204011 
0.00623267 0.0108612 0.0149467 0.0197415 
0.00421297 0.00577379 0.00596527 0.0126374 0.0144835 0.0303897 
0.00453923 0.00743368 0.0119781 0.0168087 0.013666 0.0320685 
0.00437009 0.00654498 0.00982661 0.0118398 0.0215142 
0.00807857 0.00474533 0.0092417 0.0189333 0.053998 0.00853576 0.0121037 
0.00491672 0.00318959 0.0082959 0.026338 0.0206147 0.0281935 0.00794918 0.0161588 
0.0119301 0.00571353 0.00428658 0.0119184 0.00780722 0.0410581 0.0140259 
0.00353624 0.00779677 0.00582291 0.00700806 0.00977783 0.0141588 
0.00351897 0.0143692 0.00858175 0.0225577 
0.00387614 0.00843197 0.00549361 0.0120394 
0.0195535 0.00285076 0.018654 0.0237131 0.0163057 0.00940259 0.0354601 0.0218848 0.00928674 0.0125438 0.00976815 0.0131288 0.0123242 0.0535616 0.0102073 0.0107862 0.0169024 
0.00863609 0.0131289 
0.00467757 0.0157733 0.00453354 0.00569917 0.00894968 0.0313713 0.00735438 0.0238828 
0.00391014 0.0205111 0.00456308 0.0207465 0.00869785 0.006245 0.0268748 0.00629144 0.0197058 
0.00460277 0.0111497 0.0108334 0.00914655 0.041923 0.0158856 0.0121499 0.01952 
0.00324168 0.00421549 0.0110744 0.0181606 0.0137261 0.0159075 
0.00434672 0.0294491 0.0523644 0.0304708 0.019111 0.0119577 
0.0171925 0.0108052 0.0104551 0.0144983 
0.00461848 0.0150071 0.0192286 0.0125348 
0.00492852 0.010671 0.0111242 
0.00440104 0.00889673 0.0366268 0.0534811 0.110583 0.00877837 
0.00326029 0.00630709 0.00299644 0.00880015 0.0227852 0.0194511 
0.00348975 0.00389319 0.00481642 0.018142 0.0206538 
0.00638447 0.0120203 0.0157196 
0.00825702 0.00518934 0.00858869 0.0194314 0.0276476 0.0160126 
0.0086735 0.0156724 0.0850627 
0.00993861 0.017506 
0.00493449 0.016973 0.0091351 0.0380721 0.0172333 
0.00449375 0.00474424 0.00684056 0.034489 0.00876763 0.00722471 
0.00276568 0.00840984 
0.0126362 0.0030518 0.0100811 0.0197417 0.0178273 
0.00559036 0.00394939 0.0112655 0.00465014 0.00406808 0.0389641 
0.00540185 0.0180088 0.00507356 0.00497289 0.0075595 0.0140238 0.0103891 0.0201046 
0.00454076 0.00354119 0.00605924 0.0118093 0.0228561 
0.016069 0.0891843 0.0200922 0.00582527 0.0377747 0.0144438 
0.0130361 0.00512521 0.018686 
0.00321698 0.00368885 0.00557357 0.00582907 0.00680866 0.0111526 0.021153 0.0150471 
0.00448106 0.00574541 0.0117077 0.0278586 
0.0489723 0.0348377 0.0136342 0.00859451 0.0120992 0.0156119 0.00635975 0.0112655 0.0221975 
0.00966225 0.0269382 0.0112659 0.0118566 0.020679 
