0.0221568 0.0252261 
0.0211263 0.0346342 
0.026948 0.0511394 
0.0172173 0.0360015 
0.016351 0.0314205 
0.0210734 0.0337936 
0.0176693 0.0360418 
0.028001 0.0410416 
0.0183523 0.0360483 
0.0162272 0.0320976 
0.0214898 0.03151 
0.0159461 0.0252004 
0.0145881 0.0412628 
0.0220678 0.0310617 
0.0176973 0.0323263 
0.0187756 0.049459 
0.0169621 0.0265783 
0.0410211 0.0329143 
0.0135762 0.0340797 
0.0156947 0.0352148 
0.016903 0.0322688 
0.0135444 0.0415776 
0.0136645 0.0553636 
0.0325521 0.0380328 
0.0151036 0.0362661 
0.0258493 0.0403116 
0.0307199 0.0427865 
0.0230801 0.10448 
0.0190571 0.0271174 
0.0245636 0.0422152 
0.0189292 0.0296752 
0.0128642 0.0281408 
0.0262191 0.0282887 
0.0150337 0.0311342 
0.0136897 0.0493484 
0.0206916 0.0315058 
0.00938468 0.0368329 
0.00915807 0.0313684 
0.0223247 0.0265494 
0.015039 0.0344988 
0.0181492 0.0367559 
0.0190256 0.034228 
0.0165998 0.0336448 
0.0124828 0.029424 
0.0102794 0.076237 
0.0184209 0.0343492 
0.0127025 0.0388548 
0.0482898 0.0363723 
0.0160413 0.0263879 
0.0117739 0.0569103 
0.0139598 0.0333349 
0.014643 0.0340223 
0.0166467 0.0288586 
0.0258901 0.0272406 
0.0255731 0.0323337 
0.014472 0.0359871 
0.0220628 0.0312963 
0.0195157 0.032634 
0.0136892 0.0424322 
0.0151346 0.0262421 
0.0211541 0.0338973 
0.0115148 0.037444 
0.0169861 0.0575286 
0.0285585 0.0296024 
0.0203829 0.0642393 
0.0191045 0.0846861 
0.0185057 0.0616276 
0.0233329 0.0317751 
0.0206458 0.0319324 
0.0219502 0.0261738 
0.0161982 0.0263757 
0.0207667 0.0335305 
0.0197644 0.0287463 
0.0246946 0.066158 
0.0183519 0.0524743 
0.0194739 0.0490435 
0.0157571 0.0375125 
0.015406 0.0357656 
0.0327663 0.0262671 
0.015294 0.033878 
0.0152308 0.0284699 
0.0191387 0.0300948 
0.0182515 0.0280906 
0.0201375 0.0279371 
0.0269413 0.0307727 
0.0296269 0.0286325 
0.0264323 0.0294836 
0.0159025 0.0384955 
0.0171708 0.0404015 
0.0261123 0.0297035 
0.0284961 0.0351408 
0.0187108 0.032052 
0.0141973 0.0696092 
0.016391 0.0708076 
0.0179217 0.0311093 
0.0151387 0.0384135 
0.0116605 0.0344915 
0.0210298 0.0351533 
0.0178992 0.034759 
0.0240028 0.0241384 
0.0157388 0.0244948 
0.0471142 0.0433171 
0.0189725 0.0283612 
0.0155184 0.0371734 
0.0115835 0.0494164 
0.0125856 0.0400301 
0.0179446 0.0277142 
0.0175383 0.04541 
0.0183779 0.0365947 
0.0138397 0.0333646 
0.013845 0.0318322 
0.0146627 0.0271336 
0.0159915 0.0348897 
0.0121621 0.0295869 
0.0232479 0.0411173 
0.0249001 0.0536808 
0.0214056 0.0269852 
0.0149367 0.0334454 
0.0162361 0.0287172 
0.0157466 0.08103 
0.0192374 0.032243 
0.0134393 0.0328955 
0.0325471 0.0373044 
0.0104447 0.0254171 
0.0119491 0.0293523 
0.0192807 0.0315454 
0.0659708 0.0485951 
0.0158643 0.0334059 
0.0146706 0.0456128 
0.011344 0.0286691 
0.018153 0.0380581 
0.0121256 0.0375179 
0.0117637 0.0251589 
0.0211092 0.0337814 
0.017031 0.0299064 
0.0192803 0.044131 
0.00971671 0.0257369 
0.0192875 0.0368305 
0.0143302 0.0371359 
0.0172925 0.0287534 
0.0174592 0.0720621 
0.0187916 0.0323561 
0.021749 0.0393253 
0.0227872 0.0307644 
0.0179648 0.0292871 
0.0277171 0.0866888 
0.0309406 0.039623 
0.0171411 0.0372928 
0.0161214 0.0373427 
0.0189851 0.0264359 
0.0308825 0.0286996 
0.013502 0.0641458 
0.0128624 0.0347116 
0.017741 0.0291541 
0.0171275 0.0369103 
0.0200954 0.0264481 
0.0196451 0.0280205 
0.0196798 0.0294701 
0.0180705 0.0298832 
0.0127079 0.0343946 
0.0243372 0.10253 
0.0165603 0.0399395 
0.0164465 0.0418022 
0.0181008 0.0379002 
0.0129633 0.0372536 
0.0163036 0.0240507 
0.0194507 0.0299511 
0.0224121 0.025892 
0.0216035 0.0255638 
0.0206473 0.039574 
0.0147734 0.0299919 
0.0190527 0.0396115 
0.0158703 0.0326498 
0.00970059 0.0309368 
0.0148804 0.0361888 
0.021564 0.0661001 
0.0205418 0.0303975 
0.0124229 0.0333077 
0.0199127 0.0423928 
0.0172096 0.0438186 
0.0152949 0.0306539 
0.0266761 0.0251693 
0.0150876 0.0428513 
0.0208085 0.0275421 
0.0184091 0.0407775 
0.0198234 0.0345564 
0.0110887 0.0369446 
0.0271271 0.0382097 
0.0279523 0.030319 
0.0230713 0.0383859 
0.013089 0.0328743 
0.0152484 0.0256184 
0.0315733 0.063437 
0.0169253 0.0424025 
0.0105935 0.0368554 
0.017041 0.0272457 
0.0109025 0.0304292 
0.0173935 0.0298882 
0.0150752 0.0374278 
0.0192441 0.0287524 
0.0141617 0.0421818 
0.0294696 0.0194325 
0.031588 0.064478 
0.0208371 0.106358 
0.0172403 0.0244031 
0.015519 0.0334794 
0.0186414 0.039902 
0.0134122 0.0276256 
0.02966 0.0284461 
0.0311103 0.0347868 
0.0168938 0.0336183 
0.0175658 0.0286951 
0.016653 0.0537284 
0.01167 0.0249336 
0.0139178 0.0301311 
0.0237636 0.0574585 
0.0124897 0.0280642 
0.0159799 0.02429 
0.0157208 0.0341849 
0.0261383 0.0386939 
0.00944841 0.0266597 
0.0179916 0.0326613 
0.0280198 0.0318062 
0.0138625 0.0314945 
0.0140058 0.0278463 
0.0126952 0.0414811 
0.0222763 0.030009 
0.0218557 0.127512 
0.102451 0.450246 
0.168992 0.414718 
0.162942 0.284099 
0.288576 0.321889 
0.120246 0.30042 
0.235429 0.961388 
0.0980555 0.171922 
0.0142385 0.0357632 
0.0112362 0.0405514 
0.0230041 0.0527093 
0.0190393 0.025867 
0.0327959 0.0790896 
0.0205976 0.0258875 
0.0262602 0.0356896 
0.0222873 0.0434586 
0.0174894 0.0286278 
0.00957537 0.0312795 
0.0250606 0.0409641 
0.0132739 0.0484401 
0.0142247 0.0354409 
0.0231811 0.0357346 
0.0188135 0.0384961 
0.0163111 0.0299642 
0.0160013 0.0470203 
0.0121352 0.0325631 
0.0192008 0.0328053 
0.0209472 0.0337968 
0.0229614 0.0298082 
0.0119183 0.0367872 
0.0140725 0.120726 
0.0135494 0.0316904 
0.0192889 0.0215166 
0.0232706 0.0326156 
0.0105292 0.0311403 
0.0177912 0.0267338 
0.0140958 0.0304564 
0.0143369 0.0358607 
0.0140887 0.025371 
0.0239652 0.028698 
0.0159432 0.0651991 
0.0124492 0.0386159 
0.0182827 0.0365095 
0.0174108 0.0370327 
0.0131878 0.0465447 
0.016444 0.0299976 
0.0117591 0.0326494 
0.019135 0.0311994 
0.0139182 0.0458639 
0.0240763 0.0258149 
0.0294626 0.0369551 
0.0212422 0.026269 
0.0137622 0.02557 
0.0257977 0.028937 
0.0275295 0.0534219 
0.0127449 0.0263605 
0.0178463 0.0387922 
0.0166554 0.0273648 
0.0115583 0.0420072 
0.0138416 0.029678 
0.0189144 0.0370544 
0.0182924 0.0418575 
0.0205899 0.0313843 
0.0156206 0.0316283 
0.0153105 0.0250299 
0.0391957 0.0509319 
0.0229551 0.0323752 
0.0163803 0.064341 
0.011811 0.0270785 
0.0205347 0.0408012 
0.016624 0.0482479 
0.0146423 0.0535233 
0.0162223 0.0346448 
0.012731 0.0362461 
0.0283132 0.0313608 
0.0175401 0.0361464 
0.0127655 0.0317085 
0.0155873 0.0438297 
0.0181911 0.033465 
0.0202665 0.0502201 
0.0141609 0.0368129 
0.0168595 0.0264507 
0.0105955 0.0443074 
0.0152461 0.054664 
0.0200646 0.0307582 
0.0125005 0.0584954 
0.013326 0.0298401 
0.0167873 0.0339221 
0.013876 0.0280645 
0.0209769 0.0298918 
0.0171482 0.0286964 
0.0148128 0.0308501 
0.0440245 0.0263501 
0.0367892 0.0635072 
0.0149898 0.0423859 
0.0166974 0.0306205 
0.0160175 0.0359774 
0.0252875 0.0315311 
0.0176625 0.0470316 
0.014517 0.03054 
0.0299404 0.0344245 
0.0205332 0.0330986 
0.0114227 0.0258144 
0.0156424 0.0291437 
0.0144694 0.0363756 
0.0106591 0.035229 
0.0211352 0.0304906 
0.0155343 0.0334752 
0.0192447 0.0461566 
0.0164462 0.02694 
0.0201766 0.0315842 
0.0131409 0.0305679 
0.0182548 0.0297813 
0.0156896 0.0316935 
0.0137014 0.0365642 
0.0191635 0.0387409 
0.0158214 0.0341691 
0.020222 0.0271748 
0.0252428 0.0376464 
0.0150204 0.0290954 
0.015146 0.0269273 
0.0182638 0.0741503 
0.0248582 0.0336485 
0.0432498 0.072205 
0.0211968 0.0270247 
0.0136603 0.0383877 
0.014256 0.0271844 
0.0146375 0.25607 
0.0169236 0.0429532 
0.0197402 0.0548142 
0.0130852 0.0320873 
0.0143495 0.0205603 
0.0226527 0.0308769 
0.0214196 0.0332672 
0.0132382 0.025841 
0.0148389 0.0286384 
0.0217465 0.0304809 
0.0142335 0.0587328 
0.0225589 0.0310133 
0.0139652 0.0391689 
0.0157994 0.0325487 
0.0139462 0.030744 
0.0229249 0.0288911 
0.0142879 0.0345388 
0.0151252 0.0336196 
0.0233652 0.0416655 
0.0163197 0.0392516 
0.0127564 0.027314 
0.0164602 0.0556627 
0.0278387 0.038477 
0.0135308 0.0288804 
0.0231795 0.0678786 
0.0207782 0.0373576 
0.0169042 0.032433 
0.020477 0.0337854 
0.0142819 0.0455136 
0.0157782 0.0272303 
0.0126222 0.0438865 
0.0243613 0.039302 
0.0296717 0.024652 
0.0241675 0.199932 
0.0147243 0.0301656 
0.0151776 0.0325828 
0.0138485 0.0402341 
0.0222315 0.0327844 
0.0244041 0.0430906 
0.016453 0.0354716 
0.0121592 0.036699 
0.0355078 0.0289019 
0.0242728 0.0233343 
0.0187744 0.0220938 
0.0168245 0.0356472 
0.0189603 0.05651 
0.0144056 0.0273067 
0.0190463 0.0280046 
0.0480191 0.0371467 
0.0129994 0.0491835 
0.0187103 0.0260709 
0.024288 0.0337179 
0.0205696 0.0253198 
0.0209597 0.0323215 
0.0148881 0.026498 
0.0232326 0.149639 
0.0148254 0.0507902 
0.0133204 0.0381052 
0.0136861 0.0294553 
0.0133859 0.0487975 
0.0211121 0.0328623 
0.0415395 0.0290289 
0.018444 0.0340303 
0.0127669 0.0322604 
0.0165235 0.0351421 
0.0201455 0.0353911 
0.0235914 0.032897 
0.0229043 0.0357854 
0.0207699 0.0287051 
0.0176057 0.0482264 
0.0174527 0.0353031 
0.0196385 0.0667373 
0.0112598 0.0307012 
0.0157637 0.036353 
0.0151266 0.0279871 
0.0147666 0.0302264 
0.0188183 0.0293197 
0.0145739 0.0338663 
0.0205253 0.0404948 
0.015768 0.0690909 
0.024287 0.0251346 
0.0128029 0.0998577 
0.0150672 0.031136 
0.0208526 0.0296641 
0.0122736 0.0221162 
0.0192138 0.0291121 
0.0110307 0.0233757 
0.0348576 0.0352182 
0.011185 0.0425295 
0.0167182 0.0330281 
0.0230367 0.0750493 
0.0159845 0.0282591 
0.018487 0.0299069 
0.0127859 0.0322674 
0.0133238 0.0208617 
0.0211276 0.0632413 
0.0170795 0.03168 
0.0113398 0.0281092 
0.0164848 0.033049 
0.0163563 0.0297892 
0.0155071 0.0280507 
0.0129183 0.0947123 
0.0138218 0.0635251 
0.0177382 0.0457605 
0.0188696 0.0231423 
0.013529 0.0302604 
0.0149141 0.0268316 
0.0207916 0.0269581 
0.0163985 0.0424548 
0.0159597 0.0305812 
0.0213807 0.0393827 
0.016954 0.0319303 
0.0247825 0.0336591 
0.012592 0.0345329 
0.0150128 0.0253149 
0.0235555 0.0274743 
0.01371 0.0268305 
0.0130503 0.0275149 
0.0204702 0.048763 
0.298717 0.284826 
0.164429 0.316208 
0.246462 0.279448 
0.19449 0.450777 
0.218937 0.545959 
0.260577 0.50676 
0.216841 0.306746 
0.0185141 0.037216 
0.02022 0.0426108 
0.0272802 0.0434102 
0.0198051 0.0439381 
0.0164673 0.0542447 
0.0228249 0.0350214 
0.0163167 0.0446067 
0.0140989 0.033881 
0.0197619 0.0341189 
0.0164481 0.0323688 
0.0200334 0.0426196 
0.0153227 0.036598 
0.0253201 0.0463543 
0.0169987 0.0186846 
0.0244213 0.0399409 
0.0111456 0.036411 
0.0204856 0.0342018 
0.0185767 0.240915 
0.024221 0.035398 
0.018005 0.0332235 
0.013104 0.0271521 
0.0258971 0.0370536 
0.020358 0.041215 
0.0189454 0.038753 
0.017803 0.0275901 
0.0151469 0.0310888 
0.0121621 0.0267899 
0.0263375 0.0373542 
0.0147187 0.0675666 
0.014275 0.0302035 
0.0452739 0.0367519 
0.0122006 0.033074 
0.0138336 0.0453464 
0.0380642 0.0342929 
0.0152632 0.0404004 
0.0186192 0.0217305 
0.0278272 0.0403367 
0.0166695 0.0601568 
0.0210916 0.0336105 
0.0201859 0.0254482 
0.031579 0.0351387 
0.0199168 0.0342119 
0.0129262 0.0537371 
0.0110124 0.0267258 
0.0146938 0.0364221 
0.0113993 0.0301995 
0.0247952 0.0329896 
0.0225395 0.0310968 
0.0229955 0.025576 
0.0169801 0.0313699 
0.0142741 0.0409204 
0.0118973 0.0284414 
0.0162683 0.0411812 
0.0154995 0.0376642 
0.0340035 0.0314625 
0.017269 0.0280182 
0.0274845 0.0388432 
0.0245605 0.0245809 
0.0186395 0.0299686 
0.0270951 0.0316343 
0.00998272 0.0331037 
0.0159158 0.0497487 
0.0171462 0.032026 
0.0183926 0.0373687 
0.02296 0.0222517 
0.0203326 0.0417424 
0.0206904 0.0494623 
0.0220678 0.0310674 
0.0136622 0.0229473 
0.0130641 0.0333194 
0.0240276 0.0417627 
0.0119085 0.032154 
0.0156585 0.0273774 
0.0228974 0.0381521 
0.014388 0.0365058 
0.0137955 0.0354281 
0.0164385 0.0310189 
0.0397931 0.0389814 
0.0129167 0.0255654 
0.0214383 0.0276713 
0.0116555 0.0327623 
0.0132614 0.0290782 
0.0153148 0.0373104 
0.0142072 0.0352248 
0.0223298 0.0395444 
0.0127303 0.0320073 
0.0190135 0.034961 
0.0362944 0.0405936 
0.0247064 0.0307151 
0.0212251 0.033568 
0.0158472 0.0261834 
0.0223792 0.0341142 
0.013903 0.0424319 
0.0134092 0.0282712 
0.0150896 0.0331374 
0.0172992 0.0341568 
0.0178079 0.0445609 
0.015066 0.0357776 
0.0141675 0.032314 
0.0166072 0.0397741 
0.0128368 0.0392753 
0.0122618 0.0386802 
0.02493 0.0322076 
0.0192117 0.0470169 
0.0314694 0.0232019 
0.0192404 0.0448508 
0.0160845 0.0308161 
0.0133467 0.0512444 
0.0149903 0.0771404 
0.0186156 0.0354035 
0.0153276 0.0389801 
0.0187584 0.0343612 
0.0150078 0.0445867 
0.0141108 0.0377755 
0.0187986 0.0315725 
0.0113256 0.0304398 
0.0226542 0.0441147 
0.0160183 0.0303908 
0.0149066 0.0266224 
0.015216 0.0385097 
0.0117061 0.029663 
0.0129156 0.0247819 
0.0155378 0.0312654 
0.0188797 0.0317113 
0.0249192 0.0358798 
0.019421 0.0366691 
0.0411918 0.0284067 
0.218284 0.291332 
0.111881 0.336973 
0.194437 0.459601 
0.188206 0.323113 
0.136129 0.290868 
0.216687 0.268876 
0.0321164 0.0377682 
0.0152012 0.0310073 
0.0169943 0.0228291 
0.0303521 0.0317682 
0.0176401 0.0334614 
0.0171125 0.0283714 
0.0175413 0.0244377 
0.01435 0.0339977 
0.030516 0.0337405 
0.0119977 0.0944113 
0.0200192 0.0541721 
0.0168693 0.0375415 
0.0203171 0.0315709 
0.029186 0.0280319 
0.0239253 0.0292285 
0.0111466 0.0564323 
0.0277234 0.0300106 
0.0181895 0.0653592 
0.0138325 0.0264027 
0.0181 0.0485788 
0.0161645 0.0343856 
0.0126378 0.0355074 
0.0192795 0.0300682 
0.0240021 0.02313 
0.0330368 0.0410027 
0.0212717 0.027016 
0.00901055 0.0252949 
0.0111652 0.0234017 
0.0123079 0.0355275 
0.0214154 0.0276011 
0.0121999 0.029054 
0.0138607 0.0355464 
0.0204762 0.0274079 
0.0206206 0.0304668 
0.0293414 0.0296567 
0.0202959 0.0490617 
0.0142537 0.023111 
0.014942 0.0318529 
0.0198649 0.0277198 
0.0225705 0.0407694 
0.0159145 0.0258464 
0.0209455 0.0387472 
0.0162865 0.0309784 
0.0157582 0.0342418 
0.0232601 0.0335002 
0.0157975 0.025668 
0.0162541 0.0305493 
0.0121967 0.0314307 
0.0206157 0.0385659 
0.0372952 0.0600312 
0.0201677 0.028172 
0.0368128 0.0364899 
0.0129861 0.0290659 
0.017425 0.0250266 
0.0181572 0.0330235 
0.0249734 0.0327516 
0.0121845 0.0324075 
0.0127964 0.0282965 
0.0281501 0.0324093 
0.0144759 0.0272979 
0.0207645 0.028024 
0.0145892 0.0333657 
0.0155205 0.0294688 
0.0134624 0.0314228 
0.0151844 0.0467151 
0.0256292 0.0313911 
0.0146557 0.0395933 
0.0159405 0.0529004 
0.014418 0.0290786 
0.017171 0.0375355 
0.0129202 0.035788 
0.0109431 0.0302369 
0.0230262 0.0417333 
0.018038 0.0680722 
0.0130607 0.0289747 
0.0166193 0.0329706 
0.0133844 0.0302929 
0.0156953 0.0370844 
0.0168597 0.0329554 
0.0146152 0.0295982 
0.0250862 0.0285333 
0.0176458 0.0376376 
0.019544 0.0330071 
0.0270432 0.0491926 
0.0163427 0.0277811 
0.0279651 0.0305584 
0.0162976 0.03395 
0.0147978 0.024261 
0.0175359 0.0266607 
0.0108004 0.0432582 
0.0213373 0.0382058 
0.0166988 0.0353361 
0.0158199 0.0322121 
0.0142426 0.0648003 
0.0154703 0.0477313 
0.015543 0.0363858 
0.0126164 0.0306813 
0.0160512 0.0275835 
0.0213497 0.0280533 
0.0160883 0.0193544 
0.040966 0.0278974 
0.0188118 0.0334474 
0.0182034 0.0313784 
0.0132881 0.0262985 
0.0163438 0.0474594 
0.010977 0.0347571 
0.018008 0.0343174 
0.0146371 0.0275108 
0.0363101 0.0222238 
0.0360274 0.0367418 
0.019438 0.0249879 
0.0213827 0.0321083 
0.0148702 0.0233208 
0.0143405 0.0335619 
0.0180915 0.0295067 
0.0190927 0.0256469 
0.0166813 0.0356641 
0.0215062 0.0336391 
0.0167345 0.0254495 
0.0144046 0.0403905 
0.0192559 0.0326279 
0.0218639 0.0337474 
0.0112358 0.0340696 
0.0173984 0.0403784 
0.0224857 0.0277213 
0.0163156 0.0286874 
0.0126469 0.0329168 
0.0190642 0.0377869 
0.0139038 0.0252509 
0.0129693 0.0289699 
0.0126913 0.0292915 
0.0232675 0.0531535 
0.0139751 0.030072 
0.0190236 0.0413568 
0.0288673 0.0296538 
0.015595 0.036656 
0.0126312 0.0306298 
0.0193014 0.0397176 
0.0208501 0.0309965 
0.0211935 0.0290501 
0.0263819 0.0340873 
0.0223483 0.0453042 
0.0214219 0.044154 
0.0157472 0.106837 
0.0176434 0.0308364 
0.0165908 0.0346766 
0.0245385 0.0313805 
0.0218488 0.0399812 
0.0125931 0.0454229 
0.0181599 0.0332858 
0.0272428 0.0274898 
0.055437 0.0392671 
0.0189835 0.0364332 
0.0149276 0.0349451 
0.0154705 0.0347487 
0.0225062 0.0312657 
0.0190627 0.033114 
0.0133815 0.0672364 
0.0115203 0.0362415 
0.0133684 0.0390619 
0.019532 0.0355265 
0.0193803 0.0293416 
0.0158311 0.0511046 
0.0130801 0.0316678 
0.0188782 0.0338294 
0.0142076 0.0274692 
0.0228201 0.0297925 
0.0152103 0.045264 
0.0172159 0.0339212 
0.0240164 0.0357729 
0.0146063 0.032586 
0.015587 0.0350151 
0.0222967 0.0349873 
0.0144749 0.0298112 
0.0217618 0.0565619 
0.0229615 0.028028 
0.0184434 0.0488176 
0.0214368 0.0262077 
0.0238984 0.0419926 
0.0145085 0.0218651 
0.0171344 0.0185684 
0.0176818 0.0324367 
0.0209611 0.0385517 
0.0192337 0.0545537 
0.0147493 0.0339898 
0.0195352 0.0349941 
0.0143474 0.0718551 
0.0155554 0.0313148 
0.0180285 0.0305693 
0.0202727 0.035505 
0.0130908 0.0382786 
0.0181745 0.0317099 
0.0251758 0.0360127 
0.0165551 0.664663 
0.0448895 0.0263689 
0.0257207 0.0218792 
0.0147415 0.0359387 
0.0170204 0.0390356 
0.0132722 0.028624 
0.0142518 0.0379016 
0.0192773 0.227947 
0.019074 0.0377117 
0.0175515 0.0256 
0.0208629 0.0325989 
0.0156555 0.0351206 
0.0203672 0.0237145 
0.0150704 0.031703 
0.0150916 0.0522388 
0.0123919 0.089906 
0.0132287 0.0677847 
0.0191818 0.0339699 
0.0145943 0.0299795 
0.0132731 0.0290191 
0.0300973 0.0357855 
0.012706 0.0308271 
0.0199847 0.030925 
0.0141709 0.0511994 
0.0432129 0.0359879 
0.0133275 0.0313649 
0.0195689 0.0365964 
0.0381736 0.0299217 
0.0160723 0.0559099 
0.0116689 0.0426066 
0.0202052 0.0281113 
0.0211578 0.0555701 
0.011851 0.0293106 
0.03224 0.0355868 
0.0269083 0.0351789 
0.0202946 0.0404089 
0.0194728 0.0271806 
0.0285043 0.0302516 
0.037535 0.0249525 
0.0185032 0.0316127 
0.0138015 0.039392 
0.0167173 0.0280505 
0.0654419 0.0331066 
0.0160354 0.0378731 
0.0339942 0.0298125 
0.0130001 0.0310755 
0.0162944 0.0228503 
0.0127234 0.0399628 
0.0106816 0.0311325 
0.0156413 0.0361999 
0.0155378 0.0349403 
0.036356 0.028148 
0.0201974 0.148775 
0.0131284 0.0417849 
0.0162423 0.0246988 
0.0137776 0.0384469 
0.0430824 0.038026 
0.0183611 0.0389971 
0.0171869 0.0306454 
0.0315201 0.034524 
0.0363745 0.0378085 
0.0143188 0.0372461 
0.0118414 0.0315049 
0.0264875 0.0277296 
0.011363 0.0373125 
0.015426 0.0344579 
0.0190901 0.0321807 
0.0163735 0.030574 
0.0202345 0.0226729 
0.0106185 0.0231955 
0.0181959 0.0403492 
0.0116804 0.0311521 
0.0128854 0.0340419 
0.0163084 0.0399983 
0.0188311 0.0407345 
0.0160532 0.0739666 
0.0276103 0.0254825 
0.0131159 0.0256379 
0.017966 0.0301964 
0.0407877 0.0400124 
0.0376799 0.034889 
0.0225582 0.0398895 
0.0248186 0.0415213 
0.0138943 0.0276568 
0.0260602 0.0735985 
0.0195857 0.0289204 
0.0126604 0.0417453 
0.0180221 0.0250447 
0.0202103 0.0401002 
0.0162086 0.0357906 
0.0268394 0.0312985 
0.0146469 0.0336425 
0.0196037 0.072172 
0.021737 0.0365895 
0.0221912 0.0178479 
0.0201955 0.0441376 
0.0160823 0.0271203 
0.0210573 0.0265731 
0.0247334 0.0301973 
0.0190274 0.032553 
0.0143501 0.0260125 
0.0110836 0.027347 
0.019875 0.0328956 
0.0154108 0.0392689 
0.0174572 0.0692481 
0.0190599 0.0379956 
0.0137949 0.0353789 
0.0132876 0.045194 
0.0145019 0.0713405 
0.0146797 0.0331669 
0.0186897 0.0226777 
0.0249559 0.0400297 
0.0185559 0.0295053 
0.0131676 0.0401717 
0.042416 0.0259482 
0.0159195 0.0455236 
0.0202118 0.0330039 
0.0144533 0.0259735 
0.0208134 0.0325993 
0.0156423 0.0478706 
0.0223375 0.0323271 
0.0189783 0.0387497 
0.0424987 0.0343223 
0.0246459 0.0351759 
0.024943 0.0279366 
0.0153904 0.0419938 
0.0366253 0.048787 
0.0138317 0.0293702 
0.0193601 0.0308124 
0.0110931 0.0338269 
0.0135012 0.0369886 
0.0138341 0.0365577 
0.0115765 0.0418468 
0.0314399 0.02908 
0.0118198 0.037269 
0.0145529 0.0318572 
0.0221274 0.0372043 
0.0308825 0.0506202 
0.0179516 0.025206 
0.0346086 0.0264243 
0.0189705 0.0355284 
0.0195982 0.0428657 
0.0240341 0.0346983 
0.0167667 0.0422514 
0.0164585 0.0325786 
0.0183377 0.0342278 
0.013914 0.0436804 
0.0450198 0.0278917 
0.0132181 0.0296949 
0.0206905 0.0306786 
0.0117319 0.0359436 
0.0167435 0.0526365 
0.0168331 0.0368183 
0.011909 0.0309078 
0.0146796 0.0339276 
0.0238389 0.0264562 
0.0118653 0.0225276 
0.0109123 0.0376152 
0.015046 0.0321565 
0.0155015 0.034189 
0.0270909 0.0306948 
0.0190495 0.0323748 
0.0131016 0.0295295 
0.0160416 0.0592416 
0.0127078 0.0233493 
0.0138668 0.0438039 
0.0180791 0.0326843 
0.0176153 0.0299827 
0.0197598 0.0449356 
0.0348606 0.0382448 
0.028997 0.0409292 
0.0371555 0.035597 
0.0106931 0.0347213 
0.0256731 0.0310079 
0.0141238 0.0322862 
0.0143389 0.194738 
0.0283125 0.0289185 
0.015194 0.0328916 
0.0280201 0.0315258 
0.0155656 0.0286121 
0.0323501 0.0308218 
0.0173203 0.0250701 
0.0194341 0.0304106 
0.028695 0.0312153 
0.0165398 0.0365282 
0.0180619 0.0312138 
0.0297873 0.0461791 
0.0202454 0.0277112 
0.0131896 0.10311 
0.0169052 0.0715156 
0.018353 0.0271813 
0.0157974 0.0347932 
0.0133691 0.0295401 
0.0147643 0.0299494 
