5.87391 26.8003 0.791812
14.4718 18.1869 0.931872
15.4871 4.43392 0.615696
14.4793 21.6169 1.26377
8.76963 26.15 1.1699
6.80922 10.6836 0.345535
18.8583 13.815 0.832233
17.8764 21.2491 0.630194
4.21996 1.75411 0.992011
6.44048 15.3102 0.561921
11.381 23.3942 0.373748
1.60497 16.2045 0.596161
7.78279 0.0701542 0.656596
1.52912 14.8983 0.663647
16.2463 1.39699 0.877792
24.802 1.74764 0.802759
7.41197 3.82521 0.210827
17.7177 18.6573 1.17799
18.1325 2.66084 1.0583
7.63552 7.64573 1.16278
15.2237 6.73196 0.603486
27.6909 17.2951 1.19027
27.8315 12.6679 0.938513
1.6069 11.5047 0.744116
3.36496 7.09348 0.55592
1.56821 24.2328 0.614701
14.3327 25.4099 1.29625
5.65582 13.8061 0.614415
10.3376 11.5623 1.05404
13.361 19.8045 0.17945
20.36 24.7412 0.158172
13.093 3.65237 0.652743
1.21207 27.7396 0.175599
20.9364 20.7999 0.739066
9.55496 3.72492 0.82639
6.37224 22.7324 0.4408
22.63 24.9391 0.280621
1.80618 10.0712 0.215759
25.614 14.9353 0.635705
17.4686 8.63057 0.181034
1.74364 0.425835 0.476687
19.6259 17.3107 0.767735
22.6948 14.0719 0.613778
19.3373 15.6128 0.923885
19.2844 7.19735 0.531673
10.684 20.2396 1.21858
24.2505 8.12012 0.580601
5.53736 18.8567 1.03105
17.0217 13.2861 0.117898
6.87154 17.44 0.609098
11.4977 3.5921 0.508527
10.6595 18.6856 0.133121
7.90266 23.2924 0.754519
11.6729 27.645 0.100502
25.0521 17.9957 0.939073
9.42749 10.2164 0.220822
27.6465 26.6541 1.06279
14.9525 9.4296 0.581603
14.9731 11.9651 0.683056
3.1842 15.8988 0.598523
14.0775 0.331521 0.427962
11.3823 2.05358 0.872112
0.458854 24.632 0.176306
9.41091 16.8511 0.955684
9.5508 13.6127 0.351507
26.3351 20.7364 1.0222
12.7902 24.5206 0.200639
27.5781 0.14197 1.20196
14.0327 19.7076 0.492839
1.84311 20.801 0.662671
21.0767 6.46075 0.227285
13.3586 10.2483 0.17876
26.3628 9.22656 0.523759
16.4206 26.8375 0.30865
4.04451 27.2493 0.73483
5.00866 21.9963 0.958136
5.01582 24.2249 1.04415
0.19233 27.7058 0.109962
7.36611 3.17991 0.389981
4.84141 11.7385 0.333457
1.22796 5.74412 0.916287
20.0303 4.15381 0.242935
21.2688 0.578849 1.06549
1.64098 3.2929 1.02244
12.4635 13.3218 0.669357
2.95886 22.8065 1.16472
24.659 12.4169 0.446901
15.4185 13.4601 0.586646
13.2391 14.2471 0.336545
17.533 5.46606 0.751686
5.56666 16.9978 0.284534
8.59747 12.0925 0.416338
26.0041 5.0826 0.957391
12.1616 0.46812 0.255333
21.1334 18.0204 0.731862
1.89809 17.6803 0.495795
23.4785 5.63339 0.963015
19.735 23.5307 1.09794
24.252 9.12981 0.370164
23.6821 22.0044 0.851945
