14.6462 11.5052 0.474549
9.46764 10.6289 1.2091
26.0442 11.6917 0.599404
23.0793 20.2481 0.781537
25.1634 6.68806 0.85103
14.2615 26.0914 0.129429
6.65376 13.4987 0.738473
15.2406 2.27207 0.679328
24.7018 1.35103 0.776425
21.4481 2.25859 0.746646
2.78447 10.008 0.517586
23.468 2.783 0.46055
27.727 20.8423 0.490523
1.69206 7.21169 0.473834
0.460792 14.3338 0.440009
12.847 18.1868 0.739984
17.3463 13.3207 0.156568
0.641404 21.4491 1.00886
1.7213 13.2264 0.275888
25.6542 8.29862 0.165856
26.425 13.124 0.689465
15.9658 25.2872 0.412972
17.3576 15.4541 0.935126
19.6241 20.6916 0.132908
16.5386 27.6194 0.804511
0.410719 0.62981 0.861738
13.0824 26.596 0.694364
6.47387 8.56434 0.356078
9.76261 15.0163 0.22422
15.9438 17.7679 0.860748
2.98783 26.0724 0.512805
10.4724 12.0579 0.489634
9.37952 6.58618 1.11185
6.64155 25.4532 0.885635
5.71478 21.1393 0.19111
22.389 5.18903 0.720721
11.4425 18.8431 0.463704
1.44375 1.83085 0.671085
8.81678 26.9357 1.12267
22.0067 8.12809 0.57278
7.09412 21.5243 0.1506
16.5683 5.08437 0.576814
16.0948 6.54883 0.392289
6.0978 16.6356 1.21388
18.3892 21.6248 1.20659
3.64415 8.19891 1.23361
3.28874 1.92955 0.450037
19.1106 5.63863 0.234657
23.7388 9.95058 0.210839
6.48523 23.4966 1.04121
14.4035 6.0369 0.693963
23.875 27.675 0.852833
25.5488 27.6678 0.67461
19.4014 2.57106 0.420026
20.0243 9.67249 0.819302
4.34877 21.4331 0.360143
22.5557 11.7461 1.05453
7.57085 1.49164 0.16517
16.7414 0.0811944 0.663239
19.5591 25.6502 1.11579
13.1258 7.03652 0.323892
15.2931 0.510195 0.511985
26.1754 21.2776 0.710219
12.6592 14.2599 1.15254
11.3396 1.82456 0.483962
7.91501 11.3009 0.291083
6.68781 2.14937 0.833598
4.30695 19.2674 0.867755
23.8027 22.028 1.10253
0.178092 2.94694 0.812831
18.6798 7.52507 1.17154
12.5583 4.10693 1.22967
10.0545 16.7313 0.734605
9.90506 19.0875 0.719588
26.8116 0.824486 1.22503
1.59499 16.891 0.518903
1.24247 15.5737 0.650358
9.38732 22.8395 0.317335
18.754 11.289 0.181303
16.4119 23.8738 1.06766
24.0571 4.3703 0.710117
24.6941 16.5054 0.629083
13.5769 20.1359 0.752933
18.5047 19.4848 0.53807
16.5594 25.353 0.153997
0.37268 16.4621 0.360368
16.849 8.32707 0.109695
27.7661 26.5953 0.482098
26.9265 8.99574 1.19462
15.0527 25.7748 0.195652
21.1757 21.0766 0.597027
1.8738 27.7593 0.584724
16.4404 26.33 0.320169
13.7095 16.895 0.320135
3.90791 11.0761 0.997129
5.22878 22.0793 0.650312
17.6336 26.5071 0.378862
22.2613 16.3717 1.0839
12.6091 21.912 0.453139
23.6598 18.0253 0.682011
