24.0984 1.55027 0.744863
5.17674 14.8056 0.663836
9.71899 21.0293 0.822213
4.61565 18.919 0.664241
29.281 0.0605439 0.764135
16.6255 8.74383 0.62311
22.7063 10.9986 0.801719
15.3541 26.1332 0.881746
26.8757 28.5174 0.83066
7.76071 17.4818 0.786215
1.03521 4.56999 0.798069
9.22373 2.03099 0.679609
13.9853 20.6115 0.671712
2.18172 1.59854 0.729138
29.757 3.79214 0.72276
6.96599 25.5741 0.744933
0.0339032 28.3718 0.87867
2.4075 27.7881 0.505294
16.2205 3.35001 0.963901
5.31178 9.46337 0.930401
6.48876 23.327 0.833859
8.7447 7.62067 0.741483
20.4443 6.15336 0.77756
7.84405 19.9077 0.72845
26.7996 16.5673 0.876282
18.3617 24.3683 0.935191
15.6301 12.6858 0.887956
28.9622 24.0205 0.681888
18.9198 13.5047 0.898636
29.2986 28.8084 0.948561
26.8259 11.2165 0.647173
22.0053 8.31438 0.961268
9.14818 25.1059 0.637619
28.6457 5.97239 0.848109
12.3776 12.8147 0.992334
11.0742 2.91387 0.793184
0.773876 22.5823 0.816306
24.636 12.8281 0.522479
12.6081 26.4418 0.562637
19.5389 3.96639 0.870223
0.663796 7.16015 0.940425
9.58718 13.054 0.74673
12.5399 8.26737 0.547131
23.0983 15.9097 0.887114
17.9845 15.5681 0.674722
13.7409 18.3995 0.702681
27.4 13.9173 0.868076
0.503478 11.6265 0.960609
1.93394 18.402 0.95963
19.5825 27.832 0.571238
29.1458 20.4418 0.956778
15.1307 22.8667 0.857894
15.5684 29.7157 0.945222
14.6622 16.0184 0.512071
26.0589 2.18782 0.651428
14.6257 7.40384 0.884631
3.46356 23.699 0.814842
26.5237 21.1203 0.641124
19.3053 20.0254 0.624908
3.56468 0.228074 0.566444
25.88 5.75073 0.840798
18.2745 10.3589 0.804391
25.6415 18.4766 0.711948
11.3211 10.2135 0.722328
21.6108 20.6526 0.565505
17.0295 22.7224 0.530174
10.7006 17.525 0.67239
5.29636 0.440041 0.549104
11.9539 5.74137 0.596708
5.83357 28.1199 0.75933
18.7796 7.55621 0.577313
28.9673 8.55618 0.6746
22.1073 22.8669 0.656327
23.8905 20.9806 0.606833
17.6934 29.0439 0.602862
10.6899 0.302039 0.982502
26.7896 8.4257 0.982195
19.1367 17.7165 0.528365
22.7157 26.9 0.965433
29.7418 11.4669 0.751876
17.5599 26.4949 0.716913
22.6911 3.05214 0.623451
10.4988 28.8771 0.692399
8.21569 3.96455 0.650772
8.49489 14.9472 0.901558
2.93567 29.4352 0.708914
3.06563 14.1888 0.599855
23.2125 6.15359 0.957556
27.1623 23.0038 0.846639
13.2174 24.7065 0.62325
16.3039 20.9229 0.804026
1.00134 15.4751 0.746792
16.4189 0.383381 0.616901
19.7221 0.906558 0.531906
26.2749 0.105577 0.740236
13.0284 2.30343 0.731071
6.91343 1.96713 0.631023
3.90088 26.0796 0.684301
2.83465 9.97639 0.866582
10.2319 5.85398 0.591323
