8.71144 13.4014 0.915634
17.5558 28.0891 0.550196
24.5664 16.4651 0.795132
18.8156 25.1881 0.851116
23.3887 20.906 0.688656
29.5676 25.7229 0.806684
2.70758 20.7985 0.612625
6.2648 0.564113 0.973292
1.71341 29.7996 0.585649
14.6926 12.8642 0.664684
28.1515 15.3711 0.899055
10.488 14.8739 0.850285
2.71539 11.3623 0.520759
26.294 19.7517 0.658639
29.2982 21.4869 0.813667
7.63169 24.4509 0.998597
16.5141 11.2553 0.909246
5.67886 15.8448 0.555291
20.4059 1.29359 0.609644
0.900798 23.7067 0.574487
16.7106 23.567 0.937774
1.34678 7.98981 0.710199
10.3899 24.4417 0.981943
16.9885 17.3898 0.899427
29.1748 13.2565 0.827688
28.257 4.97164 0.978453
24.0448 9.80025 0.580099
1.54417 26.9481 0.625543
12.9467 8.98206 0.586926
4.45073 1.8879 0.748702
20.7116 19.8507 0.519106
3.57152 14.4819 0.505108
9.94688 19.1474 0.547718
18.02 15.5488 0.588627
2.65445 25.2358 0.65251
14.1469 25.5114 0.904906
19.5872 10.5989 0.505863
29.3211 0.301683 0.582638
22.1989 26.7493 0.784552
25.2207 4.16591 0.669294
23.656 6.77285 0.888784
18.325 13.5576 0.758719
14.0646 16.7963 0.548825
8.71737 6.1112 0.550014
20.5972 12.9132 0.941492
1.24645 15.1635 0.559828
13.0722 6.78176 0.987404
5.46695 18.7876 0.829026
11.7025 4.13396 0.929727
22.0199 22.717 0.730661
12.4261 19.5823 0.943557
8.69963 16.2914 0.77847
28.5319 7.86957 0.792884
8.19845 2.82673 0.702407
9.98379 0.303885 0.91641
15.0268 3.79035 0.804887
27.8965 10.3225 0.918634
20.5268 15.2955 0.849724
20.3129 17.6523 0.642739
8.39187 20.9119 0.654648
19.566 28.5384 0.903435
17.7469 8.52437 0.938745
5.88147 11.7921 0.605716
20.31 5.71863 0.87949
22.2716 3.4115 0.799666
11.0858 12.0516 0.848783
13.9637 23.1224 0.729082
18.6435 21.654 0.970587
24.836 29.4087 0.560323
22.74 18.607 0.75313
18.5395 0.703981 0.79091
11.9251 29.8738 0.768002
8.69943 29.6353 0.687492
2.71005 23.1757 0.796118
8.61478 8.56793 0.998997
1.744 13.4196 0.655908
1.62159 5.22503 0.51709
14.214 0.581656 0.636703
0.398107 3.05588 0.689616
4.03264 28.3639 0.978154
10.0593 17.5738 0.512772
23.1017 0.281193 0.981767
15.2286 9.11868 0.916378
22.663 11.655 0.841103
29.1016 18.1814 0.858762
17.1326 4.86165 0.901781
19.4153 3.61274 0.763128
21.4048 8.01478 0.545019
1.04528 11.4272 0.622211
5.71976 25.148 0.519057
24.5334 13.096 0.920889
27.3945 22.8355 0.787773
17.8415 29.9923 0.656246
2.7057 17.1456 0.514757
4.88008 22.4503 0.731438
25.1598 1.27434 0.742659
26.9925 28.2736 0.58693
0.443461 21.5927 0.808453
10.3404 5.63675 0.562155
28.9021 28.1941 0.681534
