2.00328 5.52692 0.601063
20.6805 23.1452 0.921309
24.8567 28.4846 0.729411
6.24114 18.595 0.592767
6.95169 25.8042 0.89584
3.40738 24.1155 0.586582
21.1622 10.1704 0.873646
15.9853 8.96819 0.999013
9.92277 22.7117 0.67957
6.64912 11.0127 0.872509
0.269804 16.974 0.760338
21.2486 14.3297 0.936312
12.4926 24.6349 0.941569
19.8088 12.1071 0.53732
29.2852 11.2937 0.502592
15.9986 14.975 0.701165
14.9351 29.6127 0.998454
5.61726 16.5496 0.980362
29.173 16.8959 0.965819
24.1203 19.2786 0.955328
6.42986 0.116178 0.925456
17.5602 20.3065 0.630504
6.355 20.3717 0.503199
20.6564 26.3127 0.885993
28.2496 19.4536 0.833703
28.7267 13.6643 0.57051
12.7631 5.06719 0.83353
25.4407 15.005 0.588547
12.2753 11.1531 0.662313
29.8349 29.2381 0.968038
4.71655 27.9796 0.637051
21.9793 0.340613 0.686437
12.1514 1.82827 0.550405
7.86386 19.7091 0.620863
9.56974 13.282 0.577541
16.3411 18.6364 0.586455
9.80346 15.2526 0.62348
24.8958 1.09003 0.514836
4.44002 9.70499 0.995125
5.09091 22.5583 0.596186
6.96985 21.8166 0.525603
23.99 5.3807 0.555784
18.7515 1.0507 0.510733
6.43929 7.83351 0.896448
8.0743 27.6072 0.578305
15.5063 11.606 0.95318
11.6533 14.9629 0.613333
25.5967 9.53202 0.505625
2.73916 17.1281 0.764374
11.8497 22.0804 0.585927
23.0149 16.1288 0.651975
10.9228 8.2166 0.808293
20.1535 17.929 0.827835
17.2073 27.9022 0.602054
2.43542 7.88305 0.62607
14.7205 2.16987 0.911792
29.1719 7.71703 0.882272
10.2345 28.1804 0.807121
29.8575 20.8472 0.519563
7.86637 6.01718 0.833725
10.0415 18.16 0.623506
0.033378 22.8364 0.650179
21.0105 20.2799 0.874368
26.052 5.41923 0.962499
22.0886 2.66741 0.737189
13.5225 16.2908 0.576302
1.3177 10.438 0.800483
9.4863 2.31493 0.55479
28.7971 4.32592 0.81438
23.4976 14.2403 0.5142
16.7816 16.63 0.58353
15.9939 24.3005 0.990271
13.1402 18.3025 0.869309
15.4107 20.6446 0.953926
23.7679 12.1379 0.6224
11.0084 20.0807 0.621202
2.87513 12.9605 0.787162
29.861 27.0889 0.538083
17.9764 15.0856 0.575843
3.92708 15.1123 0.621181
2.60034 1.8914 0.706161
25.1095 7.79817 0.687597
17.7693 4.3653 0.836867
20.1232 7.6084 0.920414
14.3967 27.2171 0.888892
25.1411 22.0956 0.869143
4.39248 19.7615 0.96694
0.430303 12.5308 0.906064
24.7454 3.01689 0.851981
28.4732 1.45264 0.962977
8.65096 4.07156 0.649107
15.3009 4.80465 0.762922
17.025 13.5322 0.523774
11.7369 26.7104 0.584933
9.2611 10.2036 0.598955
18.7344 24.3264 0.628373
2.50517 27.9263 0.906751
8.08222 17.0667 0.995605
19.5675 29.0136 0.618422
27.26 12.0153 0.66762
