16.4945 12.6677 0.693133
28.1297 14.7681 0.682748
1.98291 24.1669 0.53421
24.785 20.5607 0.750497
8.25543 7.86178 0.85968
3.63833 9.74153 0.754584
14.6049 29.104 0.99649
22.2576 2.68828 0.501134
11.9093 28.7196 0.934343
12.9608 16.1482 0.978697
2.77328 19.9941 0.831292
6.38876 14.4683 0.595331
21.4594 14.5198 0.711133
22.8581 11.6791 0.949828
6.89484 0.242932 0.856592
19.3803 13.6225 0.972426
24.9537 4.99642 0.763155
14.7622 26.5222 0.750081
5.06882 17.5194 0.579405
27.1926 11.7376 0.932914
4.02133 29.8292 0.856612
11.0861 14.5214 0.552433
17.2212 28.1715 0.75712
12.3569 19.7421 0.535062
18.8222 9.92401 0.889861
8.04755 17.3645 0.644903
22.9884 17.9089 0.751269
4.0571 13.1997 0.609336
0.378875 13.3341 0.73842
6.06962 8.3588 0.813069
14.4259 18.1985 0.580359
23.5198 28.3888 0.79998
15.2521 22.4616 0.806535
6.38629 10.3969 0.654574
14.3956 13.4567 0.615302
0.566046 21.8876 0.546597
19.2887 18.781 0.868121
0.554126 6.58872 0.698379
29.5916 1.98864 0.922999
21.3226 4.9958 0.679366
20.4324 28.9363 0.607083
23.2704 9.49355 0.745309
10.1594 15.8583 0.517779
8.26584 12.581 0.910334
19.0673 3.13032 0.963046
9.29055 14.4873 0.559324
16.9922 7.57448 0.520708
9.41761 28.9799 0.878129
11.9255 7.33887 0.65693
1.84374 27.48 0.986156
12.5776 26.1586 0.505699
28.3632 4.77918 0.830168
2.88592 3.03835 0.653834
22.4736 23.4601 0.778013
14.4007 6.01902 0.865473
9.34337 3.31689 0.850612
29.6739 17.2966 0.7254
23.932 7.31425 0.715184
0.252355 2.03067 0.542267
13.936 0.762904 0.52418
24.9223 2.62583 0.56851
17.1171 19.7299 0.988331
29.7632 13.6705 0.729737
14.6478 3.1749 0.925636
8.92151 21.9203 0.821301
0.570144 16.2645 0.899702
29.4103 9.1226 0.757334
27.6443 26.7339 0.89136
3.39011 15.6116 0.710622
0.954354 4.34533 0.89639
23.4605 14.4291 0.711525
5.2957 19.4067 0.526626
10.521 25.4856 0.847867
10.6338 5.71657 0.534123
26.7777 0.702249 0.784634
3.68601 1.14195 0.885567
27.404 7.59945 0.89984
25.4186 18.3913 0.864885
15.6171 15.5384 0.6614
11.2376 18.0001 0.737118
16.6508 9.47988 0.682675
6.46491 29.7305 0.92703
0.971298 8.6757 0.76045
7.56317 23.423 0.635233
17.3889 5.50162 0.78559
28.0111 19.5464 0.850378
6.71563 25.188 0.728114
12.5652 23.0587 0.661686
26.8767 21.7431 0.592143
4.26895 21.898 0.515349
28.2812 29.6384 0.785746
10.8148 20.7631 0.690619
12.1461 12.0918 0.697115
20.8329 8.51133 0.57829
17.106 17.2907 0.697302
19.5052 0.746239 0.931501
27.0033 16.6929 0.749672
14.8651 10.37 0.765245
24.3807 16.7152 0.55916
25.4273 29.1996 0.696058
