26.3371 14.269 0.801512
14.2109 25.2705 0.794035
23.237 18.8016 0.734644
12.2686 11.4109 0.968955
5.87484 15.6758 0.600779
29.3199 8.73219 0.651783
0.281936 4.5521 0.941159
16.0512 7.55624 0.656734
21.0606 20.5954 0.555765
15.231 4.89971 0.902321
12.9557 20.1802 0.967043
20.0422 8.25179 0.859689
27.0846 10.2268 0.525154
28.7906 6.42505 0.630158
3.92371 19.8378 0.782451
11.4777 24.788 0.51165
23.1005 6.234 0.997316
6.46888 27.6296 0.569375
2.38037 13.7444 0.789347
18.1422 12.3914 0.837641
8.7497 24.3045 0.78756
1.97489 8.63315 0.752032
23.8964 9.74793 0.82213
10.7477 5.35246 0.699677
1.28003 0.658376 0.555008
2.17937 27.9249 0.862321
23.8992 1.89374 0.728443
26.5143 2.09955 0.602955
29.4397 22.8175 0.537005
16.3837 10.0092 0.61681
14.2377 22.5391 0.506829
11.2274 15.9191 0.556419
16.3894 24.177 0.825781
24.1452 21.1149 0.791712
20.6843 14.76 0.786569
7.0021 29.8468 0.920555
10.9369 21.4128 0.804976
3.08781 25.2553 0.583344
4.85802 10.3505 0.680566
2.07644 23.2476 0.918355
12.1285 2.7966 0.983744
17.9802 1.17208 0.707477
16.8764 14.3917 0.813468
24.783 0.0334265 0.523285
28.3311 27.2003 0.69631
0.512452 15.4661 0.87551
18.4901 19.9296 0.93329
12.5496 8.00072 0.97398
3.91711 1.27248 0.541627
0.841457 25.3234 0.722838
3.92148 15.737 0.772361
21.0826 26.7885 0.886214
0.960328 17.8032 0.644034
5.90085 21.6458 0.608462
26.1978 27.5043 0.71798
15.6285 28.8193 0.882011
17.465 5.35973 0.550876
26.2007 20.4192 0.761018
22.0821 29.1133 0.719508
9.88059 28.2213 0.723099
6.79039 25.5619 0.831595
27.896 17.5601 0.754167
1.88223 10.6626 0.70478
23.5698 16.304 0.502462
9.49172 7.35456 0.811002
17.9633 17.215 0.66434
0.243879 20.0081 0.945208
4.61436 26.6631 0.935682
21.0742 1.54607 0.691703
4.79084 7.85358 0.663231
28.8317 19.4389 0.842014
25.7793 6.37689 0.589743
7.28848 9.2537 0.618478
5.71328 0.0591078 0.827312
7.63389 18.6212 0.880307
25.9334 18.1768 0.504203
20.6598 5.28825 0.844587
25.4444 12.1745 0.83396
8.85994 2.07879 0.521793
15.946 18.9385 0.656109
28.4653 11.8383 0.896229
28.6963 3.38251 0.618712
9.17984 10.5245 0.57111
15.1746 0.706363 0.645625
8.68516 4.61581 0.675039
6.89265 2.56834 0.825276
7.89017 13.9277 0.641175
26.9683 29.6255 0.768023
21.724 10.1805 0.637754
9.74398 12.6112 0.694653
8.28999 21.324 0.961209
22.4173 13.1832 0.782309
0.309168 7.26361 0.51737
22.507 3.21184 0.627226
21.5104 23.5917 0.810201
13.5106 17.4107 0.836162
18.8414 22.2465 0.588886
3.66744 29.8398 0.592092
7.79112 16.0368 0.786988
26.6842 22.4769 0.622273
