0.782326 20.8354 0.674185
16.3982 24.8069 0.563842
3.68654 0.101768 0.736735
8.23303 8.45233 0.824021
10.0529 2.44352 0.764543
8.24268 28.1821 0.726545
2.36195 25.1398 0.584673
6.68566 2.43185 0.902293
19.0677 6.87336 0.952905
3.94963 10.1761 0.608958
18.8452 28.7874 0.965762
23.1132 3.16247 0.927798
14.4301 15.6317 0.904236
7.75307 13.3092 0.635542
24.304 18.5368 0.711554
23.8688 7.99663 0.754373
5.31205 25.2933 0.676747
18.4789 13.1211 0.967852
6.98653 21.9212 0.540928
2.7116 16.8615 0.782833
25.3057 0.784001 0.790805
25.5615 15.4394 0.967674
12.4519 7.02563 0.522179
5.73234 8.36073 0.993561
29.0922 12.4134 0.552065
26.1662 5.27471 0.904855
28.2915 1.36612 0.980967
19.3473 25.1021 0.675787
17.671 21.9699 0.980116
2.06081 8.11608 0.656715
21.3461 21.2144 0.958703
13.4003 19.2568 0.771072
5.49595 0.740055 0.602117
6.7223 10.6201 0.961044
14.7878 27.5226 0.600353
29.1042 10.2667 0.927109
26.8709 11.5424 0.583054
10.708 28.6622 0.938311
14.9689 5.09128 0.874739
12.5824 22.7592 0.891292
21.9777 9.47553 0.666811
9.4227 24.6212 0.728685
10.0071 18.2027 0.973376
4.74581 27.4827 0.848311
12.1441 0.424479 0.864581
0.177158 18.9407 0.686729
7.99711 20.6558 0.515178
4.85966 12.5431 0.652703
11.8287 14.5397 0.88647
22.4805 29.0117 0.617125
26.3224 7.35003 0.65279
29.1567 6.00382 0.917337
7.88541 17.1858 0.736488
1.29384 3.96972 0.868279
1.06741 27.7792 0.723996
9.90596 6.71332 0.975136
14.44 11.2181 0.999427
28.2264 26.6809 0.852886
16.4248 0.462101 0.964942
9.5585 12.6148 0.664326
17.8619 19.2593 0.583372
27.1013 21.3301 0.588913
28.5694 23.1818 0.771369
18.1322 2.97741 0.643101
16.489 14.3438 0.847353
14.6183 7.84656 0.534427
25.951 28.9884 0.626597
28.3555 28.6422 0.608211
14.6204 22.418 0.652129
2.98469 11.665 0.633877
12.4033 11.0961 0.517161
21.0859 3.65617 0.637336
16.8617 4.32217 0.607642
9.43058 22.1961 0.967404
2.41112 22.5486 0.893368
29.649 16.5551 0.99118
25.2371 22.0045 0.664376
22.4506 6.31709 0.638483
0.0608894 12.5317 0.754068
10.8398 8.99327 0.781758
12.0865 25.3522 0.809816
4.58109 23.3162 0.69058
20.4462 16.9341 0.929228
4.07288 14.6195 0.728937
13.3647 17.2718 0.514561
15.9705 19.9068 0.762228
22.7988 16.3636 0.639531
18.4432 15.36 0.640342
25.5865 9.85749 0.585028
4.62524 18.1036 0.752092
5.53398 29.8014 0.890489
1.74807 14.1607 0.853473
17.823 9.72576 0.701785
12.0906 2.82544 0.56178
23.587 13.6508 0.530555
21.705 13.4637 0.596675
21.1809 26.3491 0.652835
8.21731 0.464399 0.55848
1.42887 2.07388 0.529576
24.0906 10.9214 0.741201
