26.6703 7.99651 0.53811
16.2548 18.5723 0.814527
7.33718 18.7325 0.436654
11.831 11.0003 1.11986
4.121 20.23 0.472112
18.0626 27.2269 0.693662
4.22548 1.23778 0.772716
15.8063 15.475 1.13724
19.2558 18.0811 0.267644
24.8706 14.3153 0.607989
16.2814 24.0429 0.625881
5.5201 23.4251 0.641304
20.7043 21.0007 0.624286
24.0297 7.98373 0.113058
8.6349 18.5804 0.516187
22.8242 26.9899 0.508932
17.7207 8.73644 0.688027
18.8651 16.347 1.10683
13.1072 24.4755 0.925505
10.4189 24.3428 1.10782
27.7134 27.1818 0.837173
17.7853 12.0426 0.147507
0.0656322 9.63279 1.0188
23.4952 2.09684 1.04193
15.0906 12.6275 0.182616
14.9198 23.8628 0.493231
14.8745 18.612 0.133875
20.2365 23.9707 0.735375
7.4762 8.75768 0.920893
17.1653 25.7978 0.263477
18.1571 1.14143 1.29815
5.01294 9.73459 0.621129
10.7856 0.397602 1.18713
10.7789 3.35851 0.982102
7.32503 25.4727 0.965336
22.5907 5.11941 1.19191
17.1557 6.27899 0.865867
7.04 18.0824 0.135571
9.11575 15.0343 1.22194
1.87956 3.8253 1.03916
14.9134 0.331162 0.704667
16.7692 2.61722 0.676135
2.75586 23.9431 0.727654
14.6988 11.2566 0.949187
24.3427 22.5584 0.285544
17.4692 21.965 0.987636
1.76465 1.03933 1.1411
15.0221 20.7597 0.886665
6.88313 22.1483 0.934692
13.7674 13.2212 0.803846
9.63956 19.938 0.969697
22.3478 20.488 0.266717
15.9297 26.6718 0.99292
1.15461 20.2503 1.1086
27.9591 23.533 0.421585
6.8979 1.11281 1.28263
0.670356 5.33239 0.243897
14.8801 3.57337 0.73795
10.0629 6.05078 1.14423
19.6236 20.4391 0.164233
25.2489 21.4524 1.11462
22.1389 15.3465 0.903132
21.408 18.3716 0.62477
3.50935 8.74958 0.341163
23.6948 6.93636 0.13528
2.04094 7.08434 0.259921
26.211 18.9651 0.712443
20.0737 25.3607 0.601835
18.4999 10.7202 0.586479
18.4184 20.9975 0.251621
8.04984 27.5645 0.968488
6.28152 13.7094 0.86985
27.4231 18.7875 0.145856
8.46985 21.0251 0.376741
14.204 25.9348 0.173446
25.9929 0.523937 0.294177
19.9007 13.3438 0.503498
12.6134 19.1813 0.148608
25.0316 9.55937 0.985793
1.75795 26.054 0.594222
10.295 21.1907 0.247429
12.2924 2.92676 0.154098
10.113 9.26775 0.546077
20.906 8.96845 0.937244
0.704747 6.23825 0.512431
20.5437 4.6539 0.105796
0.53349 21.8466 0.454818
13.5358 22.3797 0.761221
12.7951 7.74093 1.25477
4.18035 25.543 1.28102
11.4483 19.314 0.178215
16.9102 13.3994 0.533647
11.3638 19.8638 0.104767
4.54754 17.907 0.656945
18.5628 23.3898 0.353426
23.7904 11.7129 1.28017
27.6377 0.83256 0.310779
16.4679 25.5609 0.189918
13.2593 27.0184 0.135302
25.9162 16.1423 1.0329
