24.6693 15.1601 0.157868
7.35631 18.865 1.05564
14.6763 25.4561 0.8221
21.5086 25.3982 1.14495
15.3008 9.8105 1.03379
2.77582 10.9272 0.426818
4.30047 19.425 1.04896
5.37138 9.46778 0.336351
20.7842 0.421679 0.149394
16.8897 0.944579 0.602087
12.6814 20.5162 1.13149
20.2762 21.9521 0.86402
1.05312 1.21884 0.279065
12.854 5.33845 0.795302
25.9816 15.3163 0.174201
19.5536 27.7469 1.04426
7.8842 21.6937 0.953132
1.90969 16.2258 0.46467
14.5268 7.87746 0.880657
9.45093 22.1047 0.282101
15.0569 1.85401 1.10058
23.5594 19.1397 1.25763
25.7254 8.81888 0.205229
10.4972 18.7153 0.558503
18.5687 1.27527 0.38295
4.14864 14.508 0.399596
7.71263 2.49653 0.1256
2.67114 23.6887 1.09746
22.9998 26.2234 0.322266
21.897 8.99395 1.09172
8.35723 16.0252 1.03711
10.5124 15.4068 0.155757
19.786 7.47787 0.673471
15.7558 5.75895 0.779294
17.5525 6.31218 1.09338
25.5382 2.28272 1.11445
0.321904 11.6334 0.89211
27.6123 20.705 0.112054
24.5536 7.63611 1.04254
1.42289 4.03631 1.27562
19.2721 24.1481 1.01257
8.31382 7.99037 0.228187
22.5362 0.194817 0.461368
7.15505 12.038 0.216381
18.0991 19.0968 0.791428
2.09533 8.17253 1.25642
27.6483 6.34384 1.08581
6.8381 25.1102 0.218296
25.292 5.90569 0.827243
10.443 1.44719 0.147647
22.7619 14.2411 0.640794
19.2127 12.6625 0.440183
16.8764 3.13725 0.227212
15.0051 23.74 0.131231
27.0241 13.584 0.571981
12.1774 24.842 0.826549
26.044 19.932 1.23823
15.9876 19.652 0.752621
5.25363 13.6694 0.74225
5.07306 27.1795 0.367866
25.5988 14.6003 0.422857
6.20785 11.7418 0.665418
11.0598 22.8132 0.223665
13.8635 10.4555 0.191345
1.76937 1.46665 0.143481
12.712 1.46788 1.01429
11.3963 26.6849 0.728561
5.0613 23.2507 1.21554
15.0681 21.8548 0.293677
24.1029 10.89 0.799444
23.1201 8.44176 0.235384
0.451882 5.59066 0.497824
27.2548 27.8347 0.147978
9.13898 2.58875 0.382478
16.8278 24.3254 0.543427
2.45456 19.1198 0.170277
6.74753 2.5691 0.451492
7.04498 27.4355 0.289871
12.2561 15.5514 0.287211
24.9693 12.083 0.205649
6.36785 15.5428 0.464559
10.1303 11.9579 0.785573
25.9517 16.4386 0.857672
2.88792 12.4333 0.54914
4.62419 1.75603 0.111798
8.60545 24.4759 0.75531
22.2511 6.48494 0.510188
19.4622 16.3012 0.95961
20.6545 6.44855 0.388776
7.56799 9.59078 1.19704
27.6987 12.2092 0.685266
22.7954 16.225 0.939375
3.77441 0.054651 1.02939
27.9986 9.17924 0.577968
17.4237 17.5591 0.452091
27.7766 1.95837 1.00723
14.0962 23.0703 0.886082
0.246357 8.27155 0.147707
1.9385 13.6887 0.997251
25.2502 21.7478 0.300505
