23.3648 4.00259 1.08125
19.3141 15.2065 1.13644
26.7088 8.86007 0.793361
25.2855 1.73078 1.09191
10.5498 8.89404 0.779399
13.2099 27.5324 1.09624
1.94818 10.0304 0.465852
26.9654 15.0343 1.07469
19.8412 26.6948 0.199655
12.494 16.2023 0.411557
22.3451 12.0475 0.507235
24.3015 9.69478 1.01537
21.9479 19.5719 0.925369
2.67346 16.163 0.417984
16.9132 5.0214 0.632163
8.3186 24.5618 0.956494
27.9075 6.03416 0.763044
5.60986 1.76997 0.14463
17.475 16.5909 0.647747
20.5108 2.33737 0.159369
16.4019 17.5815 0.228778
15.0456 14.2247 0.305744
18.2474 9.3422 0.924605
11.8756 6.65803 0.139744
26.8489 21.3811 0.612434
7.87866 19.842 0.139676
10.4085 26.4052 1.0387
10.7287 12.4188 0.519808
21.882 6.75905 0.809121
26.6587 18.1759 0.271577
20.9269 9.55891 1.19912
0.679734 6.52225 0.930326
23.3335 10.7229 0.17779
15.9841 3.05904 0.905106
6.95764 12.3991 0.69112
4.83391 9.21355 1.0399
2.08692 5.64886 0.102187
8.54687 2.33071 0.339224
22.8684 13.6439 0.285425
17.4483 23.2984 0.145743
19.8687 17.776 0.476665
3.07025 27.9272 1.24244
22.5665 1.63214 0.916605
11.7311 20.7113 0.489729
0.84703 24.0802 1.08904
6.72267 9.17709 0.640814
7.22053 16.1747 0.146816
2.23709 14.6439 0.305871
6.78359 24.0495 0.271281
0.417548 13.688 0.96734
14.2791 0.00843791 0.283555
16.0233 8.30807 0.745275
3.79474 22.5949 1.26616
19.0957 12.4383 0.695999
26.7453 19.4628 0.282748
25.2587 14.4632 0.566037
8.89856 9.56706 0.113045
12.3417 4.87422 0.699025
8.4446 5.10629 0.888
0.902142 2.10997 0.258411
4.72756 26.2909 0.667819
18.3842 22.6418 0.997094
21.2269 21.8225 0.446924
24.4829 22.0079 0.759903
1.25849 26.3657 0.157104
9.04246 18.0552 0.479317
11.2466 0.621588 0.658066
6.32095 17.1585 0.737335
24.7635 13.3697 0.214377
19.5425 8.67327 0.340313
10.2196 3.19707 0.531312
17.5487 24.7629 0.116403
1.3509 21.251 0.757788
20.6324 3.10435 0.12793
0.447536 2.40258 0.269729
26.6863 6.87848 0.200511
13.4105 5.25363 0.260177
0.324762 17.0897 0.858655
23.2158 16.5782 0.494523
13.2943 23.8897 0.811348
4.11892 24.5209 0.636366
10.6577 23.3647 0.434859
17.1497 14.8876 0.698079
14.0681 11.2423 1.2945
11.1354 2.53943 0.114003
4.83723 0.818478 0.417309
21.1695 26.8463 0.206393
21.4322 16.4843 0.970039
27.3661 3.39735 1.20935
13.6089 25.0823 0.173906
21.1086 24.5575 1.00766
16.6895 11.0507 1.10172
25.724 2.87343 0.10426
18.249 27.6502 1.02384
6.85085 14.4177 0.336191
10.3152 20.2912 0.730906
14.695 17.6451 0.45414
11.1077 18.0127 0.569474
25.1129 5.25853 0.555819
18.5182 24.6591 0.505905
