1.14912 11.1494 0.971915
14.7288 16.4179 0.82446
3.54549 17.3422 0.530001
9.49099 11.7847 0.529743
4.80553 13.0021 0.482682
5.24986 8.1724 0.198794
27.8854 19.2196 0.778029
23.4287 8.06589 0.695597
22.7521 23.3984 0.304299
26.8091 6.86185 0.913295
21.4277 17.9676 0.473986
10.6202 22.3801 1.28067
21.8555 16.842 0.323729
21.1143 5.63148 0.901474
8.6226 21.4088 0.263697
19.5502 1.14933 0.658117
5.15472 18.7527 1.16553
16.4036 7.82905 0.865186
13.4523 7.26787 0.765345
12.8216 15.2289 0.419931
20.5892 27.7097 0.350298
0.0517216 4.8507 0.657701
18.7469 4.72808 0.898102
7.74026 6.37203 0.484871
7.22097 20.6087 0.489623
18.4742 15.1368 1.17834
25.4864 10.4175 1.21264
4.82114 20.7065 0.6506
0.0764553 15.5963 0.503002
8.46739 9.57251 0.893544
25.1949 7.2926 0.460585
19.9266 12.0968 0.99379
16.9284 26.8097 1.02131
22.2124 2.68673 0.608013
11.7283 3.65737 0.413359
7.37925 4.11387 0.524799
16.6986 11.2546 0.207154
1.35455 5.39915 0.664287
22.7069 10.2792 0.363261
27.4512 15.9894 1.12642
0.918441 9.39363 0.145035
27.1966 23.3566 0.701844
9.0105 26.1392 0.253655
12.7233 3.6365 0.231614
13.6659 2.21124 0.853748
7.11248 24.8016 1.27158
14.7377 26.7973 0.892171
9.09395 3.69999 0.748268
25.948 19.4855 0.537224
0.109754 26.1424 1.0211
19.9609 8.06991 0.255724
13.5208 10.8832 0.846724
8.4084 15.1487 0.90592
8.75053 25.2238 0.218329
12.011 18.6898 0.876133
24.2362 4.06679 0.783074
5.11581 10.9431 0.921374
0.344272 2.04261 0.574158
18.4987 23.6543 0.60788
2.94381 15.2391 0.569582
3.65923 21.4703 0.153517
1.22072 21.8384 0.683159
9.79687 13.7326 0.71399
19.9282 6.66719 0.520057
7.44326 7.83657 0.16122
2.81012 23.3658 0.447831
3.64543 1.73155 0.205715
14.8767 13.7198 1.12842
3.4143 27.4916 0.941519
15.0112 20.6619 0.361068
8.21643 23.4863 0.410627
27.0508 1.57686 0.982951
2.24215 0.499905 0.868356
18.5568 25.2975 0.678577
19.8509 19.0878 0.656748
15.8022 18.1837 0.226721
27.4224 0.148142 0.270517
23.7806 13.3701 1.14367
16.673 15.9545 0.650303
19.426 20.9187 0.636068
0.162342 20.2137 1.02735
17.2098 21.668 0.390648
20.9663 24.9425 1.09898
2.42906 6.41033 0.277383
25.2997 15.1603 0.73525
16.4678 3.56397 0.68075
19.386 7.26137 0.189415
1.86472 8.87462 0.510444
7.21385 26.3684 0.267117
22.1243 21.4599 1.20278
10.0755 9.54419 0.240954
8.54611 20.0548 0.931467
12.263 14.5093 0.141894
15.0418 4.96315 0.461034
11.2685 27.9794 0.622887
4.67643 9.32703 0.431585
19.4831 3.07715 0.307262
18.1708 18.782 0.592458
11.5412 11.3565 0.72209
21.759 0.688142 0.75759
