2.46464 22.9654 0.911386
9.02441 0.354698 0.469831
11.9795 20.0027 0.617527
6.45619 15.349 0.979251
13.7459 3.67324 0.230893
2.51175 27.26 0.269048
4.31423 22.5002 0.90238
7.7915 12.9305 0.106485
19.082 3.57553 0.892563
21.4532 9.18935 0.658243
13.4419 27.035 0.31416
25.3829 5.21405 0.286121
27.5787 20.5864 0.483519
1.28483 26.8162 0.860929
27.8694 8.33679 0.245389
26.464 18.627 1.23878
2.50703 8.78593 0.978525
20.9093 19.044 0.622314
10.4364 10.8471 0.52957
10.9892 27.588 0.924696
8.35098 17.4127 0.797934
5.65365 9.56035 0.914313
19.9188 26.5663 0.507924
11.4371 22.4938 0.117691
8.904 11.7885 0.850239
20.1891 17.8863 0.163186
27.785 3.64927 0.156716
13.5275 7.54083 1.29561
0.442995 2.71284 0.979635
8.83247 10.2985 0.589692
7.73945 6.71975 1.16354
12.0754 0.59698 0.43809
18.8066 26.381 0.202516
10.1338 26.1832 0.603239
0.537857 19.1813 0.197348
2.5339 19.4551 0.733407
8.97765 8.19163 0.591809
18.1695 0.844664 0.686494
22.7074 19.837 1.15537
8.31375 23.4468 1.14182
27.481 27.1244 1.12243
17.7972 12.6274 0.573954
9.04893 4.58519 0.952205
21.2995 16.2051 0.460672
23.761 11.5991 1.25385
23.1662 27.4908 0.488725
16.1918 1.42941 0.865436
16.5046 14.768 0.420115
16.6843 18.7795 0.392016
16.0834 11.7521 0.881307
13.6696 0.331439 0.572899
17.7665 5.69322 0.911578
25.1146 15.2626 0.496882
14.9197 23.9635 0.69019
27.7553 24.6568 0.574044
5.23609 17.2673 0.815267
2.98501 0.841093 0.8237
6.01122 20.7899 0.360027
23.13 14.8394 1.12123
8.77083 25.0904 0.185833
18.4298 27.6953 0.627097
7.26714 26.5735 0.782266
4.58821 11.0318 0.724883
22.2219 5.52097 0.288548
9.01211 26.1704 0.283668
11.7837 17.2596 0.50389
12.6074 25.3006 0.818562
24.038 9.21144 0.594382
5.79658 19.2739 0.187632
1.46359 12.9899 0.194485
1.15832 5.6408 0.385831
17.2211 21.0934 0.394151
3.75693 3.11457 0.185899
19.3885 7.34966 0.472289
12.3775 10.2501 0.98696
5.12337 27.8955 0.874061
15.996 6.93859 0.690421
15.093 26.0619 0.494929
2.69881 10.8969 0.700893
11.0165 19.3746 0.129156
11.9064 3.21329 0.874497
18.8589 25.2786 0.776755
18.9502 16.3606 0.798518
27.575 4.89336 0.277432
17.2369 4.46996 0.13127
14.9061 21.8318 0.6715
19.5588 12.0479 1.16114
17.6573 23.0395 0.880012
12.5364 5.33011 0.916861
13.0227 16.8024 0.363346
8.41258 13.6196 0.62159
3.90226 24.7438 0.865197
14.1332 13.9721 0.97219
25.4531 13.2962 1.04619
9.63694 9.42556 0.182714
10.1573 8.63932 0.656152
24.6522 3.02946 0.664699
21.509 7.37521 0.636594
25.6812 6.27787 0.182552
20.1923 16.9339 0.26617
