0.426036 26.5839 0.512281
9.64067 24.1969 0.966723
11.7444 4.96886 0.876726
23.1306 1.58678 0.60026
17.9722 29.1723 0.657878
10.0536 1.83717 0.757299
6.49942 16.9529 0.688641
25.7235 13.3434 0.573641
1.75558 24.8411 0.857387
15.5316 12.5956 0.68217
21.8676 9.39192 0.740207
4.53873 18.6931 0.639333
16.3694 17.9636 0.902159
18.4887 11.3631 0.865656
2.36799 1.15915 0.650654
11.9751 20.138 0.561347
25.757 0.687324 0.633346
0.841395 17.778 0.894522
18.3943 16.7803 0.931455
27.5365 2.3275 0.669591
25.6277 2.82743 0.733082
0.935581 9.2597 0.973034
25.0411 10.276 0.959254
11.7515 27.6356 0.878529
22.5686 17.2562 0.620153
16.2593 14.7586 0.589839
11.8659 0.270143 0.937129
21.3581 23.2248 0.932983
2.45956 16.0703 0.818598
6.60849 29.4642 0.786639
7.53967 14.8842 0.657244
27.512 24.0937 0.614168
15.5541 3.42441 0.752869
13.1867 17.9099 0.764927
27.8585 11.5182 0.629651
10.6708 7.62738 0.531483
7.65293 9.3903 0.913515
20.2833 20.5883 0.645155
0.944863 4.96345 0.693467
29.8705 24.5417 0.819273
21.8599 6.02486 0.567518
5.29195 27.2994 0.711665
14.9601 21.2645 0.861133
21.4461 1.91146 0.605115
8.57903 4.57893 0.503025
20.4379 4.70969 0.835977
18.8662 25.9862 0.684858
14.1094 1.59876 0.674384
6.9698 24.3276 0.763938
24.3818 18.9103 0.622142
16.4312 22.8468 0.534276
17.2495 2.57942 0.605054
18.1616 5.53338 0.913553
24.6995 7.79785 0.786699
10.1869 21.9475 0.61359
28.6483 27.2861 0.968412
13.408 8.7627 0.587406
24.5453 15.2568 0.775581
15.9544 28.266 0.586702
29.4861 9.9058 0.854016
14.1302 6.29006 0.50516
4.39498 14.4445 0.743079
8.73797 19.4908 0.575439
19.975 7.35526 0.504635
18.7102 0.990743 0.752326
20.9472 13.1094 0.755235
9.90106 29.052 0.69702
12.4971 11.5295 0.745323
17.8996 21.9594 0.651007
2.90043 26.9512 0.910446
23.8442 20.9242 0.697583
16.1617 6.17938 0.544521
20.3406 29.6402 0.945673
0.0267577 1.99859 0.896579
2.93853 21.9418 0.817378
27.3768 19.9755 0.547287
9.67901 17.0521 0.539539
14.5725 24.1229 0.69397
5.66882 22.7202 0.580689
26.6142 22.2079 0.958186
10.5608 15.1993 0.568265
22.3197 3.56879 0.765257
1.82002 13.8546 0.647309
21.6312 15.406 0.923322
16.6448 9.5716 0.980601
26.8523 8.35991 0.666009
26.4654 28.6933 0.579406
0.509059 22.0755 0.558055
29.5125 0.206862 0.734109
7.61005 12.891 0.8135
12.4606 13.704 0.825296
5.91073 11.2746 0.906973
27.6514 4.94992 0.979437
22.3237 26.392 0.601552
4.75271 2.19079 0.686892
13.9682 15.6832 0.932456
16.6995 24.7753 0.578037
28.7785 18.4659 0.790735
14.2137 26.1667 0.866567
4.80018 29.2883 0.509337
