4.55492 18.3582 0.511477
9.93562 9.65509 0.469031
12.9963 3.15993 0.625966
10.4605 5.09295 0.631438
22.9925 1.99163 0.495386
11.5724 14.4601 0.922103
0.0762954 19.434 0.416797
20.5475 23.9334 0.680219
0.0417855 7.46153 0.551668
12.4987 9.71172 0.604624
19.4437 7.03459 0.757529
1.37607 27.1467 0.453038
13.7709 4.7746 0.723338
14.0383 26.3024 0.537523
18.2853 0.604176 0.465754
17.2217 1.59415 0.623636
19.0512 2.46456 0.6342
3.599 10.1362 0.586132
4.62132 12.9172 0.638597
0.097781 0.167593 0.77857
14.7833 6.8473 0.519724
10.3306 6.63786 0.907701
23.1815 6.48249 0.602263
5.05961 0.0641287 0.452095
22.9258 3.62391 0.963786
23.4816 20.2596 0.749462
16.11 9.55637 0.432522
6.40437 14.5116 0.833039
21.6447 11.3758 0.60956
21.4429 24.7266 0.477248
17.3706 10.6452 0.99394
25.2015 19.1819 0.475965
1.51994 5.40815 0.596745
9.99636 22.6804 0.67478
9.41907 17.4467 0.557026
19.7941 9.05918 0.673194
4.29459 2.6337 0.410589
6.11113 22.8139 0.850892
0.126434 20.7991 0.421337
19.1326 4.73344 0.997558
27.1693 20.7332 0.959361
19.9494 15.9617 0.432175
10.6421 25.2409 0.926222
6.57793 8.5207 0.596188
9.04709 13.9974 0.676279
26.0651 3.86919 0.638653
11.1762 3.0436 0.690532
22.0544 18.7733 0.652551
18.9033 20.9904 0.905339
13.4202 14.5496 0.77237
25.0611 20.8732 0.597457
4.882 27.5323 0.680817
10.8273 19.8414 0.99748
14.9892 11.7231 0.627851
14.8262 16.3179 0.888956
9.14851 11.4509 0.571961
7.98234 4.51125 0.577891
3.11221 11.1553 0.531456
14.772 19.8721 0.798824
12.3008 12.9079 0.638783
6.84033 1.0755 0.893412
18.7268 23.5231 0.934234
27.1321 0.205905 0.967777
4.05697 19.6861 0.590789
15.1343 9.52805 0.486885
20.0769 3.32094 0.598307
16.5338 17.9542 0.557366
6.15448 16.3622 0.891281
17.5423 14.7679 0.702027
7.70273 22.8802 0.720284
19.3512 1.11072 0.424949
5.70641 25.9132 0.689138
8.95035 19.3114 0.401172
3.37181 23.2372 0.525015
7.11306 27.1563 0.541145
0.468698 4.12175 0.67227
12.0975 0.193374 0.595091
8.61396 1.7875 0.545086
12.2285 5.78577 0.737328
7.28694 19.186 0.454673
17.5967 16.9121 0.797153
3.98667 21.6925 0.845051
1.03551 16.8787 0.625078
24.9556 22.3975 0.542002
2.76212 20.0269 0.641606
21.4646 20.224 0.528892
10.2651 27.8018 0.658698
23.2354 22.0312 0.768358
21.5027 9.45718 0.49417
16.5416 7.54483 0.446434
27.3044 5.31253 0.480337
1.72745 15.0984 0.990931
26.328 22.0681 0.553989
14.5081 13.9695 0.400872
14.2026 2.11068 0.695059
17.0206 24.6035 0.509371
25.7325 6.48606 0.70828
23.8055 9.08538 0.665275
4.11375 25.9638 0.716998
8.40908 25.647 0.912302
