9.37369 15.481 0.549286
15.0751 3.08448 0.721298
6.89322 17.7065 0.468734
0.701133 10.9055 0.818731
4.36816 18.9984 0.426
10.6471 11.0389 0.917332
20.9151 16.8843 0.635569
0.718418 6.93843 0.977932
24.4104 13.6184 0.699072
13.0384 26.783 0.403908
2.29214 23.7754 0.459894
22.2192 27.2321 0.760433
21.6948 4.49517 0.783813
10.4678 21.8421 0.751623
24.2159 15.7215 0.661277
7.91291 23.7125 0.924559
6.51447 13.885 0.403652
19.9946 12.4716 0.81998
11.6058 14.2856 0.826377
17.7842 27.6536 0.863164
4.14901 16.8066 0.656261
3.97649 18.0301 0.44151
26.8883 15.7049 0.91321
23.0558 2.99082 0.853534
17.7931 7.60967 0.758898
9.84163 8.4942 0.912033
23.342 17.7446 0.407058
16.5427 13.8217 0.886504
16.3171 0.755535 0.512252
19.932 9.62303 0.70384
0.883926 26.8204 0.428517
4.17217 0.720236 0.977489
27.2416 22.339 0.856788
23.7779 0.370083 0.491049
14.0804 11.4945 0.74565
12.1287 7.43824 0.842533
21.174 0.251393 0.760778
13.6784 13.8693 0.406263
15.0018 17.6314 0.656419
11.427 23.537 0.939636
27.6838 10.9045 0.548304
0.858518 22.7586 0.644035
15.5366 23.362 0.719546
27.9892 20.9081 0.431878
0.0664625 17.352 0.457476
13.2486 25.4106 0.411686
14.4858 27.6032 0.82396
17.0813 22.344 0.569955
1.47774 0.231342 0.576792
9.13572 25.1391 0.749395
22.4825 19.2387 0.628533
25.5968 10.1087 0.653256
24.2755 11.5285 0.643841
3.1734 7.23625 0.872553
9.45634 3.62494 0.622791
16.1047 9.48878 0.963134
27.8068 4.86247 0.866423
26.9922 7.76445 0.773698
10.1988 26.4172 0.722011
10.4386 1.9357 0.8305
9.66118 6.36961 0.841737
21.5774 21.292 0.423145
23.844 5.34613 0.857321
7.2711 8.44336 0.580714
25.1706 21.9889 0.923685
17.6839 1.99835 0.527549
13.8717 22.0473 0.448238
0.444563 19.3384 0.957468
0.222419 14.1919 0.76663
7.80038 6.92916 0.580795
2.95916 14.4617 0.711892
8.07137 18.7544 0.408764
1.36595 5.43789 0.58361
24.8838 1.73092 0.426707
12.9485 12.3448 0.520914
26.9855 2.28228 0.461745
18.424 23.2439 0.926272
12.5867 21.3218 0.818727
4.85252 10.0072 0.528057
27.3103 27.5696 0.804452
10.7531 17.25 0.473809
19.8328 25.2609 0.694882
4.65173 12.824 0.925875
1.18227 9.00193 0.662806
20.8012 7.70711 0.703409
2.95641 18.915 0.658958
20.4985 22.4939 0.491099
13.2485 17.9693 0.772116
20.5674 27.5333 0.786633
26.6561 9.28385 0.682579
9.24044 23.0021 0.554165
7.61908 27.7215 0.44994
14.817 4.86122 0.783525
2.19907 15.7819 0.558684
23.7787 1.63263 0.640954
7.11199 10.196 0.749825
18.0314 5.35899 0.692165
5.49306 20.8194 0.542223
5.72174 7.69723 0.782764
25.5425 3.78352 0.954046
