19.6066 21.0678 0.453163
19.5154 9.72124 0.47366
25.8315 7.77165 0.621687
12.6705 19.977 0.902945
14.7325 19.3107 0.552835
7.8411 6.77163 0.786314
12.4658 9.48759 0.933461
1.93707 8.55392 0.982781
19.2072 11.6148 0.758391
6.01541 14.8637 0.878265
6.8083 11.2597 0.791941
7.36922 24.9039 0.753812
15.1394 15.55 0.770611
13.2521 15.7031 0.441727
27.8705 1.38231 0.935288
0.00489764 13.9464 0.482176
15.6361 11.6779 0.555983
4.95837 11.5399 0.632671
27.1211 10.6644 0.624588
9.29378 25.5545 0.718881
18.992 6.10731 0.502855
12.6783 5.57121 0.761971
26.3397 2.40209 0.475059
2.59315 21.008 0.961386
4.03333 19.8528 0.859676
9.70129 27.7123 0.580386
9.20993 8.27633 0.467833
14.4127 27.0517 0.773041
0.335241 20.4934 0.983163
3.73763 24.5681 0.465545
24.5399 17.2 0.809111
21.2193 6.64271 0.482973
14.1792 9.9109 0.747565
10.4839 19.3696 0.712336
8.5428 19.3494 0.554773
26.5271 22.2126 0.831327
9.36613 0.00318901 0.766039
14.2262 1.56352 0.6822
12.5291 22.005 0.777245
22.878 19.9318 0.713324
20.3566 27.6219 0.615286
15.3777 5.26964 0.938173
17.1336 4.90821 0.435558
15.777 8.14905 0.525946
0.897333 24.0869 0.737657
20.4341 11.7217 0.432127
11.2836 17.602 0.822062
8.83859 10.3826 0.812662
18.189 18.1018 0.980008
12.0599 11.9258 0.554713
20.9822 9.57726 0.731407
12.2088 3.85562 0.655869
5.51597 0.302356 0.46075
10.6794 20.8776 0.586811
23.637 27.8938 0.541066
10.6125 15.7303 0.420626
25.6684 16.0191 0.470774
8.56832 14.058 0.785595
20.4337 19.2188 0.842037
16.4006 24.3563 0.429916
3.66031 2.52271 0.406583
3.10465 22.5176 0.51849
11.158 14.457 0.674161
11.794 27.5465 0.926826
20.0524 3.36914 0.892974
17.9524 7.49037 0.528381
18.7943 20.0812 0.462353
26.172 6.49444 0.692961
15.8444 3.06466 0.568906
21.5255 23.7001 0.583872
21.8454 27.0591 0.580688
16.0343 27.0983 0.570455
18.5259 4.82717 0.615161
18.9921 0.341718 0.469937
17.0543 21.573 0.46495
18.1915 24.8066 0.978475
23.1884 18.1938 0.6165
1.66379 1.61455 0.680374
17.5817 11.4915 0.40808
23.52 15.1579 0.60628
9.46928 23.7579 0.750095
23.3639 13.2378 0.9289
20.6491 15.1582 0.53035
15.1179 23.4045 0.77945
10.178 12.8944 0.750495
2.02325 25.2958 0.486874
17.5538 3.07572 0.899872
12.6791 13.2111 0.837916
5.15768 22.0064 0.630974
2.56607 18.831 0.651578
4.37174 27.2393 0.402019
22.7761 9.19704 0.991136
13.4405 22.8248 0.423715
16.8167 9.45437 0.702883
1.22734 3.06822 0.495969
24.898 20.2001 0.660051
3.11761 13.6295 0.548232
17.2959 26.5625 0.732504
1.9004 5.64323 0.785223
10.532 22.5681 0.715884
