9.87088 22.3146 0.930857
25.1709 6.04547 0.474935
14.3773 14.1511 0.50999
23.1095 22.6655 0.759924
12.0355 13.1268 0.419265
17.4944 6.51895 0.769464
22.0014 9.15748 0.834463
16.4238 8.99932 0.724906
8.35956 19.9971 0.968383
2.11073 21.6241 0.539536
2.48931 7.32287 0.528673
12.1689 1.14105 0.812591
20.5617 10.3568 0.863467
15.5721 26.74 0.503133
20.3897 3.41162 0.858397
2.90103 24.4319 0.596336
22.6492 7.36038 0.4269
2.37554 26.0354 0.524848
0.711269 9.42049 0.574636
9.69662 8.3943 0.949751
13.3572 21.1984 0.514239
19.4209 17.0763 0.639585
11.3137 3.23503 0.473706
15.5796 23.2348 0.881627
15.5662 21.3696 0.439792
17.2537 25.28 0.682188
17.2516 14.9908 0.557217
10.2599 5.75823 0.630197
16.5734 4.39004 0.479577
19.9829 23.1381 0.752935
12.9124 12.2621 0.583783
26.4491 4.7983 0.837675
4.24665 16.6225 0.730701
11.4095 20.3309 0.91545
6.28619 14.2128 0.939866
5.54212 19.0654 0.665343
7.40685 22.7869 0.681867
4.39995 20.7319 0.998596
21.2696 27.5905 0.699009
23.9343 11.4356 0.53596
6.63668 10.259 0.489732
23.1219 18.5618 0.962966
14.834 12.67 0.864999
20.4445 5.48488 0.574042
19.0769 24.6356 0.752344
13.5011 10.336 0.637549
0.122934 6.6736 0.795273
19.7019 7.20652 0.451115
21.5614 12.2126 0.415945
2.1131 0.161237 0.958357
27.2012 23.2126 0.63428
1.7125 24.6466 0.436704
7.48579 4.197 0.504279
24.4696 20.2773 0.491406
7.65093 12.3992 0.530958
13.018 2.77191 0.431408
11.3121 14.4997 0.724505
27.4134 27.4713 0.590018
12.5506 13.909 0.480761
13.7409 9.00907 0.541178
0.0761872 0.139964 0.489925
10.2939 26.6252 0.761126
26.6015 21.0232 0.926649
12.7836 27.9646 0.946772
16.8421 21.3961 0.497109
10.0484 12.9155 0.862051
7.01775 17.0776 0.740266
14.1244 3.55765 0.592988
22.4128 0.481133 0.417309
27.4096 10.4825 0.529025
7.25294 0.76375 0.78771
19.3547 21.1835 0.695544
7.93041 8.72448 0.821411
27.9365 11.9209 0.49011
8.27027 10.4965 0.83606
19.9101 0.300842 0.617117
1.86193 3.21805 0.908072
26.6612 15.5872 0.587789
19.8926 19.4542 0.648259
5.38451 9.18364 0.583118
27.7038 17.691 0.686857
25.4793 3.5145 0.484719
8.10869 2.23016 0.642863
1.6928 18.3597 0.771163
24.14 1.40425 0.882151
25.9582 19.0479 0.633644
10.7416 16.5107 0.885455
27.4812 12.7406 0.407297
13.6571 1.69798 0.651309
9.99207 10.5715 0.543311
6.07634 22.9451 0.591259
18.219 1.76958 0.537852
1.47062 13.1742 0.868071
0.861894 14.396 0.435094
14.2435 26.5321 0.737584
14.2146 24.2123 0.597744
2.34458 27.8644 0.538634
17.6775 4.05507 0.42191
9.20902 16.7495 0.526271
26.0046 10.6771 0.636012
