25.4524 9.21949 0.648744
0.64956 22.6524 0.787962
5.0982 8.5595 0.493902
24.0276 21.0139 0.891946
10.244 0.713394 0.872393
27.6748 1.82185 0.9111
2.81552 25.5246 0.493736
6.7912 14.3335 0.857084
8.93067 18.6265 0.721597
20.4494 22.8362 0.820445
21.1492 24.5844 0.93559
4.28956 16.7282 0.962479
26.6464 7.7785 0.538076
22.0977 14.9677 0.536939
14.3317 0.818071 0.642277
1.8326 17.1736 0.755601
11.3247 22.0193 0.440394
0.716848 2.10262 0.831002
22.103 0.744399 0.852554
9.57879 26.3686 0.648111
11.1946 7.69923 0.761734
12.9361 22.0904 0.559163
18.9859 0.010645 0.970078
1.75535 9.6648 0.743002
4.78174 13.954 0.77004
0.528571 10.1365 0.548959
21.9039 13.0134 0.486777
23.4781 27.2478 0.651052
24.836 2.5515 0.479954
17.8678 3.99218 0.765851
14.7781 21.5337 0.498207
5.43571 20.6181 0.830463
18.0939 27.8754 0.549458
20.9879 5.42633 0.870925
21.7353 26.8126 0.459903
15.0861 6.55943 0.699284
17.6786 14.081 0.492084
5.07911 1.46136 0.898957
3.67157 0.320837 0.466501
18.1192 12.698 0.639178
12.2567 19.83 0.971851
27.5359 23.9348 0.48443
5.19631 9.73983 0.440397
11.9327 13.4065 0.56874
15.6364 27.0942 0.446925
11.9807 26.6609 0.64843
11.7291 5.79063 0.436147
13.6796 6.28956 0.705752
2.27908 15.162 0.493488
3.07028 24.5782 0.447452
6.04817 17.8457 0.896311
16.465 21.8847 0.78977
9.23387 17.1214 0.762801
8.40577 27.2829 0.623198
17.4257 19.7492 0.961692
2.33642 1.06601 0.946119
4.13339 12.5094 0.486178
20.7605 2.747 0.993243
0.491072 14.3988 0.966567
10.0867 24.019 0.468297
17.1458 25.8485 0.905177
21.6152 18.0637 0.65675
12.2619 11.3816 0.916789
8.48265 10.1358 0.883052
0.0255155 27.1189 0.513835
7.45032 12.73 0.461601
27.4534 17.1456 0.886447
15.1563 24.2804 0.820432
14.3325 26.0533 0.866851
1.14268 24.5473 0.507536
21.0032 27.9435 0.452
9.38799 15.3815 0.955175
8.20764 19.9812 0.419679
17.852 6.93502 0.913819
12.0529 2.61762 0.507353
26.159 13.0273 0.952378
0.915098 26.2674 0.519886
7.11242 1.85267 0.705708
7.9563 3.45452 0.688263
13.1209 17.9249 0.807866
7.07326 11.1425 0.405494
25.6604 14.3781 0.456365
19.8081 20.5787 0.929415
20.5772 7.63337 0.835451
25.819 19.9065 0.60719
19.9901 15.15 0.550003
15.6461 15.1818 0.643475
0.234552 4.85292 0.781883
14.4012 27.9793 0.656503
18.1898 23.9169 0.60024
24.987 11.0879 0.584455
9.06546 2.05327 0.509966
10.8768 17.9638 0.683089
2.20929 27.1098 0.418588
6.41848 26.784 0.47902
2.9273 22.6372 0.969808
22.2929 11.0246 0.519158
14.7671 11.2755 0.978327
21.2368 16.6816 0.590333
1.11252 3.78299 0.420473
