20.5796 16.0587 0.60677
4.14995 16.548 0.828189
6.47059 17.4131 1.16728
9.05632 18.3793 0.535877
20.5368 24.5419 0.909572
0.297069 22.3598 0.416204
14.555 18.8834 0.617983
27.1829 4.34385 1.17039
25.2752 5.48911 0.171705
8.41582 11.886 0.674029
1.62051 10.2786 1.19727
3.60207 25.0003 0.213468
12.0935 11.0353 0.182726
3.73338 26.02 0.360353
16.0677 10.7862 0.271876
0.0621692 3.36065 0.569396
11.5065 2.77559 0.140434
18.5816 22.7957 0.705626
4.56562 0.833623 0.474503
4.91557 23.682 0.906517
3.39334 19.5557 0.378902
2.64439 26.2292 0.145896
6.99473 15.5541 0.69654
19.9648 2.11595 0.946909
8.33155 6.82504 0.153931
8.58285 1.11973 0.637186
22.7999 2.07184 0.812378
26.7351 23.191 0.317986
12.0613 17.6805 0.734596
10.2144 1.99192 1.07906
26.5616 6.63002 0.610533
16.0627 8.92239 0.758423
21.8554 9.74755 0.860504
21.9529 18.8967 0.786434
4.39642 10.3013 0.987052
16.7495 6.50938 0.177748
13.3424 16.0393 0.696969
24.4994 15.6763 0.173708
11.3923 24.8439 0.640838
27.9995 21.2067 0.194564
17.5446 22.7934 0.267229
13.5853 4.93246 0.757754
19.9328 14.5877 0.476158
24.738 10.2304 1.17504
27.005 18.8947 0.950859
26.1461 17.2185 0.490615
11.9504 26.9917 0.631674
12.3966 26.1915 0.185833
27.9139 1.29255 1.18262
17.4931 10.3083 0.628647
27.7339 27.1745 0.526887
22.2329 13.7611 0.913776
9.70144 7.30531 1.25681
0.522403 17.8588 0.552887
1.95998 8.18333 0.362557
22.4461 4.80459 0.121204
12.314 3.99352 0.214954
18.5469 0.60117 0.292721
17.2212 25.7343 0.144038
7.04595 9.03626 0.882077
24.0797 3.86137 1.0016
1.15075 17.3271 0.179421
24.2467 12.8719 0.244652
22.0347 15.7796 0.871756
18.2333 15.6936 1.14745
16.2673 17.2291 0.869115
1.89631 3.28246 0.271726
22.9276 21.859 0.186931
25.1761 14.8918 0.17429
5.81143 1.83387 0.316266
6.24945 12.05 0.251578
16.486 14.4978 0.53024
5.60759 2.79363 0.153616
6.9464 1.54454 0.798938
2.18798 11.7314 0.273492
13.2104 22.4205 0.86659
25.0812 21.5932 1.06926
7.38595 25.2584 0.475079
11.5641 12.5666 1.13934
16.1366 21.6561 0.753431
10.6427 3.6054 0.257109
10.932 25.9482 0.540817
20.8953 6.03319 0.79454
24.1546 27.2213 0.227894
6.91545 21.7049 1.16582
13.4291 25.1227 0.742063
23.5847 8.78415 0.608812
4.35332 13.6655 1.2651
18.8611 7.75205 0.334997
6.92443 27.3756 0.821004
11.2833 20.3207 1.00202
10.1687 10.5278 0.434199
20.6494 20.2528 0.809151
21.8407 4.61581 0.323633
17.6776 4.11036 0.807149
14.617 2.42459 1.18226
25.767 12.6338 0.59373
14.1916 0.454271 0.684776
10.6356 23.1853 0.911948
8.86163 20.5052 0.894919
