88.3796 40.0708 0.558093
95.171 84.4873 2.13037
36.6542 87.7904 1.5163
21.8781 93.3115 2.07198
54.2309 53.7139 1.46359
0.3451 67.39 0.499681
76.5776 17.5557 1.06014
97.554 18.2036 2.96241
36.2762 29.2208 1.73647
96.8506 64.4571 2.53449
10.0782 95.3903 2.01246
30.4918 47.8502 2.22277
41.0587 53.6832 1.80368
63.2732 51.241 2.78276
74.2188 49.2064 2.11103
96.9252 30.3033 0.453649
92.0479 31.3721 1.69833
11.906 26.6721 2.44034
20.4425 56.243 0.897314
75.5003 70.9874 1.72376
60.053 72.7045 0.724981
35.8305 34.1576 1.09308
21.4333 10.0738 0.667524
79.1612 18.2663 1.25828
69.8542 47.7918 1.69016
99.7299 77.5231 1.74296
68.6745 86.7755 1.15332
25.3588 57.0727 1.21854
66.7488 10.0828 2.57517
85.5242 31.5961 2.87043
94.4161 89.4696 2.25143
7.13161 50.2826 0.410432
4.79241 26.7713 1.53202
50.3343 38.4189 1.50903
69.8002 22.2201 0.564152
45.3192 99.153 1.65393
39.4285 78.2223 0.619386
55.6434 63.2488 2.45052
17.3959 69.2802 0.927535
30.1532 58.7858 1.38961
67.8202 73.708 1.81857
17.5105 53.3192 0.650862
33.4446 62.0277 2.15633
30.2255 0.450669 2.49247
57.0196 86.6151 1.07906
12.4779 76.7833 2.4591
86.226 47.2653 1.0001
7.2611 78.187 1.56488
74.5821 76.6853 2.91707
62.1861 23.7999 2.4075
64.4965 33.8205 1.10257
57.5886 7.90256 1.253
95.2057 47.8055 0.97057
38.4543 44.7037 0.712749
15.7674 27.3061 0.92922
27.7268 17.1859 2.72211
21.6998 67.9705 2.51318
80.3874 72.5832 2.72557
11.4569 6.12382 2.2933
87.7706 63.183 1.29399
41.7762 30.5702 1.59833
41.3608 79.5298 1.31362
21.6541 36.7925 2.26851
86.1716 3.35201 1.01417
62.4493 43.0886 0.830505
23.6092 82.9277 1.83807
62.4206 95.2521 1.5265
52.2767 63.835 0.452445
25.4778 13.5686 1.2762
79.2567 58.6565 1.70763
95.3687 72.2652 2.59626
32.6585 67.5539 2.24792
53.4263 45.8796 0.422356
20.5991 47.381 0.963311
30.3986 7.0523 0.415998
88.4268 25.541 2.65612
41.9608 66.4907 0.571861
77.6176 26.4187 0.62383
68.3492 82.1627 1.54342
53.2532 3.93723 2.53944
39.9335 84.9155 1.89061
97.4272 23.3821 0.48152
15.3662 37.6962 2.89399
8.22252 36.8916 1.44798
88.2948 43.5068 2.19448
9.02236 60.1838 1.01524
14.7579 94.8778 0.62739
73.3408 60.0775 2.31581
16.3401 30.3314 0.739086
18.8697 59.2726 1.98651
37.9184 46.8122 1.40799
64.3855 30.3322 1.30254
36.8204 65.7646 0.478298
44.523 50.8441 2.04943
90.8962 76.6616 1.39383
44.7658 30.8126 0.546329
92.0162 66.7821 0.570612
95.4495 3.56156 1.16071
4.20622 64.9653 1.29576
2.07442 81.3951 2.92356
71.4741 15.689 0.597983
4.20084 95.7876 2.57379
21.3062 15.7273 0.705338
27.8097 79.6764 2.05574
88.5719 20.0011 0.865258
17.1597 7.17457 1.52286
17.9924 73.8218 1.86502
34.5289 10.0493 1.32543
80.1756 37.4793 0.838443
56.2142 42.2971 1.515
74.0095 13.7517 1.15778
75.2675 30.6956 2.92041
62.1262 39.3949 1.27073
43.803 60.8521 2.66605
67.6038 62.453 1.5084
99.9286 55.5426 0.57743
75.5869 36.0778 0.739988
24.374 18.3841 0.535103
19.0353 90.5348 1.77068
90.9631 3.50316 1.80262
44.209 94.2747 1.98923
5.45424 33.5526 2.00862
10.5045 8.83405 0.530121
33.4676 53.4066 2.02593
40.3637 0.311119 2.55425
99.2922 54.0922 0.80387
5.11719 89.1267 2.07932
28.6048 23.187 1.49532
27.3561 62.0403 2.03363
80.8574 94.21 2.56119
31.5564 83.2961 1.1615
31.6167 87.3823 2.44885
80.3749 43.6145 1.44537
90.0693 53.8743 1.77056
6.90327 0.508295 0.814109
39.4811 41.8133 0.804326
59.7292 10.5168 1.28248
75.5988 20.9564 1.88379
78.7582 82.6703 2.56172
43.8596 88.6727 1.01518
22.6936 49.8554 2.00854
17.4759 21.0731 2.15293
3.72619 59.5161 2.85803
72.3287 44.04 0.936881
90.7249 81.7262 1.16134
15.0267 84.5631 2.25067
97.2165 57.9784 1.05912
93.5175 57.8674 2.39176
59.3821 0.100977 2.62097
36.1306 22.8936 2.45708
98.8258 48.8866 2.51252
20.7209 99.55 0.744406
23.6547 29.1041 1.68381
57.5736 69.4669 1.00861
83.042 87.4429 0.894032
62.6168 33.5955 0.492317
1.81006 45.2452 1.3061
76.4524 64.0474 0.911719
6.46359 19.7151 2.16854
66.7038 20.9856 0.410541
60.7193 43.3078 0.559628
38.0539 10.3009 1.17094
42.2469 26.9225 1.93322
90.4305 17.0308 2.55494
3.36122 51.5082 2.04364
72.2363 40.2904 0.671288
6.82978 12.3353 2.78899
35.9373 78.2493 0.400671
48.5496 75.8041 1.17645
49.367 31.7789 2.04134
24.5408 97.9025 2.76266
21.9794 86.8016 1.00889
47.0372 67.6925 2.48529
67.75 65.5329 0.623326
40.2197 19.2902 0.598675
87.0358 88.3655 0.816454
41.8383 72.2667 2.66625
7.98856 81.3842 1.60914
87.3284 84.7189 2.03023
94.9191 22.0107 0.405364
43.003 8.89101 0.898413
73.1765 65.3699 1.29921
63.6317 19.4952 0.724107
0.829854 63.6013 1.02303
44.8771 36.3969 0.722876
39.1258 7.07988 1.85069
57.952 58.8954 0.499517
34.5569 92.2153 1.22875
48.6296 46.1091 2.62507
48.7666 87.3086 0.801243
70.7652 41.9891 1.44482
45.5897 86.9739 0.588363
54.5238 98.8198 2.73357
34.4962 16.4469 2.97877
24.435 7.47129 0.671165
53.4504 87.6692 2.48188
63.7733 5.54372 0.775731
12.4727 15.6893 1.80886
90.3161 89.6563 0.440834
76.9286 3.06912 2.425
