0.00150758 
0.00245137 0.00154181 0.00247091 0.00298126 
0.00110851 0.00339975 0.00192605 
0.000949496 0.00103816 0.0014673 0.00336719 0.00413332 
0.00117838 0.00204427 
0.00348294 0.00262109 
0.000967319 0.00131134 0.00348355 
0.00161627 0.000725159 0.00337371 0.00278595 
0.00097253 0.000732804 0.00199304 0.00479754 
0.00238838 
0.00161649 0.0023943 0.00266361 0.00144716 0.00191929 0.00372382 
0.00320368 0.00210606 0.00344349 
0.00355936 0.00189017 0.00306871 0.00785764 0.00713472 
0.00100456 0.000983069 0.00483131 0.00181334 0.0090793 0.00291129 0.00172483 
0.00234194 0.00249329 0.00596346 
0.00145357 0.00309379 
0.00141531 0.00274484 0.0013641 0.0385322 0.0278186 0.0128988 0.00117171 0.0034408 0.00578095 
0.00104788 0.00298655 0.00224856 0.00125239 0.0017341 0.00303535 
0.00069429 0.00181336 0.001084 0.00244102 0.00453324 
0.00223905 0.00192307 0.000948544 0.00178379 0.0150113 
0.0035839 0.000864665 
0.00101147 0.00228544 0.00177417 0.0017884 0.00331992 0.00201175 
0.000729548 0.00175558 0.00244882 
0.00129449 0.00275583 0.00304963 0.00375465 0.00291094 0.00638883 
0.00120064 0.00102563 0.00292083 0.00560451 0.00537097 
0.00256485 0.00199247 0.00265346 
0.00160793 0.00369572 
0.00521794 0.00090485 0.00149239 0.0011411 0.00467473 
0.00560135 0.00120662 0.0016194 0.00211839 0.00525757 
0.00326437 0.0010037 0.00158043 0.0050387 
0.00108837 0.00127532 0.00505851 
0.00168804 0.00514454 0.00121538 
0.00267616 0.0020407 0.000553743 0.0025216 
0.00262526 0.00431595 
0.000698619 0.000676476 0.00272729 0.00456558 
0.00154258 0.00624494 
0.00101227 0.00135502 0.00204594 0.00563133 
0.00262174 0.00181638 0.00261107 
0.00108809 0.00123993 0.00217736 0.00284114 0.00307521 
0.00154884 0.00202543 0.00168213 0.00164169 
0.00101055 0.00124029 0.00261471 
0.00135553 0.00127853 0.00170105 0.00512271 
0.00110662 0.00262431 0.00492607 
0.00122256 0.00112334 0.00226895 0.0017324 0.00373784 
0.00607076 0.000889131 0.00355522 
0.00153231 0.00130581 0.00184021 
0.00151636 0.00363889 0.00239951 0.00186992 
0.00156519 0.00168101 0.00153999 0.00275709 0.0022546 
0.00141805 0.00302496 
0.00321413 0.00183102 0.00184056 
0.0028881 0.00179639 0.00309291 0.00539546 
0.00140609 0.000968552 0.00192914 0.00252255 0.00355461 
0.00205733 0.0010226 0.00454935 
0.00323674 0.00782947 0.0021913 0.000851469 0.0011153 0.00795418 
0.00412164 0.00148834 
0.000585193 0.00114179 0.00255002 0.00310378 
0.00241914 0.0691786 0.00120201 0.00322821 0.00252094 0.00247973 0.00396935 0.00135579 0.0074504 0.0519718 0.00124255 0.00244261 0.00473023 
0.00282407 0.00324828 0.00159791 0.00422088 
0.00204871 0.00290443 
0.00280924 0.00133208 
0.00141856 0.00257068 0.00161972 0.00337846 
0.00130232 0.00201595 0.00242461 
0.00311485 0.00143132 0.00318607 0.00328121 
0.00169312 0.0013602 0.00132244 0.00382389 
0.00145382 0.00228538 0.00395361 0.00509817 
0.000957211 0.00869458 0.00259134 0.000895854 0.00121992 0.00323872 0.0028791 
0.00144049 0.00293803 
0.00176541 0.00143304 0.00177034 0.00424406 
0.00175149 0.00248823 0.00328678 
0.00084173 0.00157634 0.00135227 0.00281629 
0.00160018 0.000705312 0.00120849 0.00255341 0.00303618 0.00179076 0.00451252 
0.000913327 0.000593168 0.00290308 0.0018201 0.00215931 0.00501746 
0.00211808 0.00161587 0.00481438 
0.00163386 0.000922674 0.00364237 
0.00144864 0.00159129 0.00324538 
0.00207987 0.00132076 0.00239233 
0.00197206 0.00227155 
0.00436882 0.00286127 0.00142798 0.00284323 
0.00145347 0.0010456 0.00180404 0.00449556 
0.00154805 0.00133956 0.0016157 
0.00948963 0.00454596 
0.000761097 0.00355089 0.00506533 
0.00211954 0.0039082 0.0024804 0.00450082 
0.00152743 0.00384607 0.00247264 0.00352066 0.00110911 0.00048331 0.00646368 0.00218115 
0.00172559 0.00171256 0.00577944 0.00206782 0.00396125 
0.00227823 0.00175993 
0.00162068 0.00146969 
0.00351392 0.00129662 0.00269204 0.00124209 0.00332016 
0.00148732 0.00384219 0.00545023 
0.00161634 0.00105554 0.00368086 
0.00222117 0.00134575 0.00498844 
0.00228201 0.00182444 0.0053444 0.00417996 
0.00180378 0.00197634 
0.00164984 0.00154572 0.00234078 
0.0031946 0.00438743 0.0137689 0.0017197 0.00145337 0.00177151 0.00244335 0.00279291 
0.00109942 0.00186496 0.00143191 0.0056588 
0.000740628 0.00104674 0.00286089 0.00175712 0.00364382 0.00465024 0.0023812 
0.00255805 0.00261747 0.00403581 
0.0016118 0.00116745 0.00321466 0.00224907 0.00487115 
0.00089428 
0.00169863 0.0014454 0.00320661 
0.0018466 0.00138781 0.00207941 
0.000583429 0.00130322 0.00211087 0.00232379 0.00364223 
0.00117148 0.00944509 0.00233304 
0.00280174 0.0136103 0.00527241 0.000971297 0.000913127 0.00144787 0.0014122 0.00130754 0.0043808 0.00338737 0.00118791 0.00268528 0.00103812 0.000873141 0.00137454 0.000258381 0.0267002 0.00274216 
0.00154921 0.00290266 0.00425714 
0.00116044 0.00195257 0.00228927 0.00633139 
0.00247627 0.00204322 0.00276455 
0.00128305 0.00154376 0.00129218 0.00229327 0.00219211 
0.00246044 0.00155145 0.000639766 0.00534718 
0.00220306 0.00310922 0.00296148 
0.00150422 0.00195414 0.00488626 
0.00169243 0.00320349 0.0034302 
0.00475558 0.00206953 0.00223448 0.00309323 
0.00144019 0.00184585 0.00243388 0.0023673 
0.00208889 0.00191699 
0.00105381 0.00112462 
0.00136326 0.00101196 
0.00168717 0.00420089 0.00187736 0.0153346 0.00211283 
0.00088866 0.00440483 0.0196172 0.0127801 0.00146536 0.00226849 0.00569193 
0.00367529 0.00236969 0.00259371 0.00343561 
0.00751712 0.000865416 0.00532184 0.017477 0.0106688 0.00175318 0.00539761 0.0023045 0.000922975 0.00301119 0.00209411 0.00305258 0.00255229 0.000744916 0.00136853 0.00165985 0.00382299 0.00254099 0.0018463 0.000738004 0.00306122 0.00110555 0.00159927 0.00320682 0.00201755 0.00187642 0.00210744 0.00137429 0.00179657 0.00112807 0.0026785 0.00206478 0.00247423 0.00297401 0.000755617 0.00454931 0.0014692 0.00151457 0.002606 0.00913915 0.00192784 0.00292408 0.00572423 0.00215292 0.00420695 0.0029749 0.00167157 0.000870715 0.000674653 0.00279929 
0.00250906 0.000875695 0.00370456 0.00352356 
0.00910659 
0.00166745 0.00158328 0.00184909 0.00213879 
0.00226592 0.00100872 0.00433528 0.00271006 
0.000889101 0.00197363 0.00431047 
0.00128788 0.00421998 0.000935899 0.0012423 0.00249342 
0.00123144 0.0020436 0.00230111 0.00598302 
0.00190297 
0.00301118 0.00469128 
0.00186713 0.00240634 0.00638813 0.00076211 0.000367689 0.000632172 0.00394441 
0.0011957 0.0013311 0.00219896 0.0117939 0.00729167 0.00148338 0.000558021 
0.000874753 0.00368531 0.00448791 
0.00111162 0.00118349 0.00264268 
0.000592737 0.000917524 0.00333434 
0.00147148 0.00231066 0.00393563 
0.00193826 0.000632834 0.00362798 
0.00116766 0.00212127 0.000966488 0.00179396 0.00398161 
0.00171449 0.00129244 0.00243608 0.0074755 
0.00287185 0.00288096 0.0101347 
0.00141486 0.00217683 0.0015567 0.00298104 
0.00392965 0.00339486 0.00105047 
0.00151195 0.00711014 0.00473018 
0.000782818 0.00177543 0.00250153 0.00443165 
0.00111725 0.00146894 0.00206102 0.00127213 0.00198555 0.00362677 
0.00227501 0.000913547 0.00120272 0.00205381 
0.000626701 0.00114534 0.00390744 
0.000622333 0.00143975 0.000995343 0.0049208 
0.00142152 0.00154013 0.00405461 
0.00254098 0.000912525 0.00322227 0.00169874 
0.00161614 0.00174677 0.0024871 0.00323392 
0.00293873 0.00113995 0.00164442 0.000744346 0.00422703 
0.0012544 0.00175234 0.00362823 0.00700094 
0.00817175 0.00265825 0.00124383 0.00104122 0.000516222 
0.00133504 0.00133441 0.00601104 0.00281883 0.00364831 
0.0019669 0.0043423 0.00224245 0.00490753 
0.00101962 0.00486247 0.00223179 0.004072 
0.00246447 0.00187642 
0.00227464 0.00182366 0.00178984 0.00296022 0.00318622 
0.00230843 0.00366407 0.00556269 
0.000502044 0.00137472 0.00155333 
0.000887217 0.00122053 
0.00132218 0.00597715 
0.0023782 0.00335643 0.00282305 
0.00132437 0.00131902 0.0025135 
0.00155097 0.00192976 0.00671887 
0.00226311 
0.00256651 0.000817705 0.00193444 
0.000837532 0.00164447 0.00140555 0.00132766 
0.0012866 0.003127 0.00331696 
0.00142038 0.000795463 0.0043093 0.00326676 
0.000747832 0.00220142 0.00580764 
0.00176551 0.0210809 0.00351941 0.00133655 0.00257097 
0.00354765 0.00142194 0.00496725 0.00306092 0.0030875 0.00290369 0.00264526 0.000801685 0.000919649 0.00107477 0.000822904 0.0017624 
0.00130972 0.000958944 0.00144498 0.00387757 
0.00128428 0.00141787 0.00340036 
0.00150894 0.00151521 0.00330967 
0.00100607 0.00153291 0.0184743 0.00281609 
0.000912194 0.00222723 0.000833615 0.00269269 0.00318739 
0.00216557 0.00347289 0.00369705 
0.000737653 0.00158004 0.00492689 0.00323149 
0.000569543 0.000889091 0.00259162 
0.00155415 0.00251594 0.00191356 0.00571117 
0.000872158 0.00200584 0.00067882 0.00344692 
0.00176732 
0.00164677 0.00176536 0.00530331 
0.00290358 0.00090487 0.0012325 0.0047568 
0.000909589 0.00229331 0.00349376 
0.00175061 0.00308146 0.00790133 
0.00126034 0.00221129 0.00126046 0.00196556 0.00171891 0.00254014 
0.001397 0.00242218 0.0021622 
0.00697132 0.00119914 0.00172365 0.00262405 0.00412233 
0.00115371 0.00177136 0.00307947 0.00155726 0.00456231 
0.00147839 0.00200934 0.00410436 
0.000587627 0.00340024 0.00152305 0.00602437 0.00405098 
0.00128649 0.00295897 0.00195289 
0.000865736 0.00148155 
0.00169305 0.000797306 0.0031952 
0.00128778 0.00272127 0.00208952 0.00258308 
0.000896375 0.00144293 0.00192848 0.00657412 
0.00152936 0.0018777 0.0029148 
0.00125631 0.00102271 0.00587517 
0.00401108 0.00140205 0.00245478 0.000881266 0.00365482 
0.000833785 0.00308629 0.00137488 0.00180754 0.00110501 0.00448447 
0.000917725 0.00533659 0.00134859 0.00243804 
0.00168806 0.00126077 0.00417127 
0.00249209 0.00492054 
0.00179726 
0.00104331 0.00173606 0.00188557 0.00328239 
0.00132742 0.00287699 0.000717655 0.00473665 0.00201661 0.00357976 
0.000646981 0.00197778 0.00198232 0.00273972 
0.00215509 0.000682869 0.00249083 0.00127353 0.00591986 
0.000844877 0.0013993 0.002222 
0.000891385 0.000831341 0.00116518 0.00174351 0.00575881 
0.00157735 0.0012444 0.00362035 
0.00401363 0.00351341 0.00366845 
0.00215535 0.00329301 0.00186145 0.00399445 
0.00107695 0.00179691 0.00284744 0.00654237 
0.00795484 0.00217075 0.000524297 0.00202074 0.00345574 
0.00119633 0.00146353 0.00195076 
0.000726652 0.00215586 0.00164023 0.00454887 
0.00125159 0.00272205 0.00574721 0.00149382 0.0039695 
0.00328929 0.00161622 0.0101105 0.00152962 0.00305868 
0.00283439 0.00495498 
0.000971146 0.00179149 
0.000786736 0.00191973 0.00232575 
0.00433446 0.00453441 
0.0010586 0.0015611 0.00156227 0.00121391 
0.00102201 0.00130938 0.00342614 
0.00212598 0.00161892 0.00319083 
0.00203529 0.00291503 0.00219719 0.00288995 
0.0020575 0.00135977 0.00138143 
0.00150175 0.00187718 0.00402919 0.00111718 
0.00126527 0.0022537 
0.000850658 0.00131086 0.00138539 0.00448504 0.004989 
0.00133321 0.004703 
0.0027249 0.00251519 0.00185003 0.00303954 
0.00135904 0.000906253 0.00301655 
0.00288363 0.00190199 0.00759337 
0.000730159 0.00254396 0.0016006 0.0022829 0.00367076 
0.000793308 0.00173481 0.00227621 0.00127878 
0.00137293 0.00273865 0.00433371 0.00308471 
0.00211174 0.00408988 
0.00194083 0.00127245 0.00376486 
0.00168649 0.0379848 0.000858262 0.00729752 0.00122262 0.00105868 0.00346643 
0.00147408 
0.000781526 0.00281386 
0.000676005 0.00132199 0.0016962 0.00227004 
0.00117572 0.0048625 
0.000876066 0.00277411 0.00193189 0.00397175 0.00994308 0.00293456 
0.0012316 0.00255292 0.00233081 0.00394494 
0.000912896 0.00221363 0.000683921 0.00587399 
0.00307208 0.000973662 0.00428708 
0.00269126 
0.00148992 0.00350134 0.00190762 0.00656565 
0.00176438 0.00115092 0.00306306 
0.00175527 
0.00388172 0.000675435 
0.00094691 0.00254114 
0.00217754 0.000998258 0.000868692 0.00195118 0.00187825 
0.00238176 0.00250106 0.00283329 0.00183671 0.00230847 
0.00067887 0.00191286 0.00224399 0.00412816 
0.000918717 0.00413847 0.00544921 
0.00285763 0.0180152 0.000547351 0.00109342 0.00667543 0.00273515 0.00234403 
0.00112596 0.00313587 0.0119299 
0.00213164 0.00283606 0.00298186 
0.00178135 0.000843153 0.000734778 0.00806463 
0.00733413 0.00222943 0.000869624 0.00134194 0.00161509 
0.00375967 0.00255079 0.0051687 
0.00338162 0.00369543 0.00432912 
0.00805339 0.00384375 
0.0073669 0.00210222 0.00568291 
0.000800682 0.00689255 
0.00392238 0.000727703 0.000847101 0.00174528 0.00237513 0.00491765 
0.00289203 0.00196626 0.00238741 0.00362766 0.00404248 
0.000897246 0.00264469 
0.00393093 0.00101107 0.0026237 0.00403209 
0.000871006 0.000807225 0.000910021 0.00455464 0.00322344 
0.00126881 0.00215116 
0.000888069 0.00139426 0.0017612 
0.00099395 0.000903038 0.00329164 0.00217824 
0.000601764 0.00438591 0.00118295 0.00182006 0.00705591 
0.0049119 0.0117133 0.00216997 0.00130532 0.00264716 
0.00188662 0.00205401 0.00233807 
0.00147875 0.00254957 0.00516548 
0.0010936 0.003296 
0.0018309 0.0479698 0.000730279 0.00165433 0.00305471 
0.00148772 0.00215777 0.00184289 0.00249116 
0.000864194 0.000872709 0.00148332 0.00251249 0.00203382 
0.00182813 0.00196957 0.00730965 
0.00113302 0.000910822 0.00526293 0.00329253 0.00179898 
0.00158644 0.00129383 0.00167714 0.00551879 
0.00124655 0.00198532 0.00237399 
0.000847281 0.00192593 0.00284205 
0.000518005 0.00658888 0.00129912 0.0073568 
0.00142299 0.00444043 0.00391031 0.00277588 
0.00901628 0.0010543 0.00637474 
0.000623887 0.0013173 0.00147852 
0.00176045 0.00111 0.00303812 
0.000792717 0.00103464 0.00302479 0.000853403 0.00320218 
0.00121903 0.00298949 0.00303023 
0.00351926 0.00402782 0.00509126 
0.00304949 0.000734977 0.00205413 0.00334412 
0.000824969 0.0012543 0.00315224 0.00257136 0.00228424 
0.00103681 0.00167169 0.000974423 0.00280907 0.00318319 
0.0020699 0.00251077 0.00213064 0.00276607 0.00350157 
0.000898919 0.00330196 
0.00136822 0.00126444 0.00189381 0.00379788 0.00276304 
0.00114009 0.00125077 0.00167035 0.00559639 
0.00481302 0.00173107 0.00772342 0.0284689 0.0077713 0.000998559 0.0048617 0.002043 0.00138569 0.0368909 0.000723064 0.00384453 
0.00207547 0.00169359 0.00498304 
0.0019065 0.00158048 0.00250084 0.00598552 
0.00214523 0.00220373 0.00283514 
0.00236351 0.00115992 0.00196816 0.00332351 0.00248236 0.00219562 
0.00167757 0.00799997 0.00333573 0.00182122 
0.00448331 0.00156167 0.00557698 
0.000754063 0.0021421 0.00411733 0.00128828 0.00179103 0.00292171 0.00177771 
0.00181983 0.00127881 0.00290818 
0.00100438 0.00412845 0.00210651 0.0056405 
0.00121464 0.00409025 
0.00574805 
0.00111769 0.00194051 0.00297113 
0.00115034 0.00297807 0.00397697 
0.0023067 
0.000682598 0.015894 0.00271928 
0.000792357 0.00120354 
0.00112667 0.000685714 0.00195401 0.020132 0.00511136 0.0030246 0.00113825 0.00131034 0.00109825 0.000882237 
0.0016308 0.00195784 0.00204799 
0.00422598 0.00186489 0.00170369 
0.00116211 0.00118345 0.0015435 0.00594241 
0.000701885 0.0012573 0.00222955 0.00583575 0.00385444 
0.00146739 
0.00123102 0.00257511 
0.00381251 0.0041219 
0.00205312 0.00143571 0.00203814 0.00233442 
0.000998449 0.000658802 0.00289569 0.00142956 0.00485103 
0.000942813 0.00115509 0.0025562 0.00230893 
0.0080726 0.000959274 0.00105259 
0.00105948 0.00271214 0.000955086 0.00234723 
0.00105658 0.0015662 0.00305654 0.00379258 
0.00128487 0.00101955 0.00116833 0.00340696 0.00283403 
0.0012163 0.00267017 0.00556878 0.000162228 
0.00132237 0.00198719 0.00215256 0.00350805 
0.00165974 0.00381771 
0.000784652 0.000724137 0.00226118 0.00144312 0.00409717 
0.00125054 
0.00128412 0.00135503 0.00248399 0.0116282 
0.00141799 0.00209839 0.00207973 0.00474658 
0.00116267 0.00724606 
0.000942141 0.00424928 0.00130109 0.00382102 
0.00320968 0.000761328 0.000329897 0.000817083 0.002827 
0.00149064 0.00300908 0.00358759 
0.00200523 0.00325499 
0.00170073 0.00233314 0.0101002 
0.00131808 0.00245656 0.00390055 
0.00155654 0.0019845 0.00390131 
0.00253475 0.00188663 0.00340591 0.00304747 0.00359638 
0.00236572 0.00198967 0.00240553 0.00219749 
0.00141477 0.00203684 0.00177412 0.00173046 0.00536738 
0.00164078 0.00633726 
0.0034758 0.0280845 0.0005096 0.00404481 0.00542624 
0.00111271 
0.00247358 0.00138391 0.0011191 0.00745818 
0.00107591 0.00261804 0.00187015 0.0063385 
0.00160542 0.00086243 0.00178903 0.00455662 
0.00191687 0.00319253 
0.00107122 0.00129579 0.00232828 0.00166594 
0.000868642 0.00375102 0.00155339 
0.00803116 0.00109426 0.00125763 0.000185613 0.00521654 0.00301289 
0.00226213 0.0010052 0.00506565 
0.00220724 0.00248519 0.00359085 
0.00147661 0.00147263 0.00427207 
0.001974 0.00443996 0.00114446 
0.00172482 0.00152428 0.00206971 0.00650269 0.00454694 0.00154557 
0.00254666 0.00300765 0.00123588 0.00339847 
0.00135566 0.00231861 0.0024657 0.00789493 
0.000870556 0.00767665 0.0204315 0.00165472 0.00214951 0.00591323 
0.00222972 0.00492395 
0.00269757 0.000692467 0.00215174 0.00325656 0.00388319 
0.001344 0.0015851 0.00407642 
0.002331 0.00170463 0.00162362 0.00582505 
0.00204322 0.0015938 0.0026652 0.00459477 
0.00213889 0.00231167 0.00404039 0.00446882 
0.00102158 0.00711315 0.0841331 0.000670745 0.00100333 0.0014654 0.00279827 0.00459671 
0.000802917 0.0018604 0.00537956 0.00140969 0.00316533 
0.00104455 0.00272272 0.0016121 0.00310759 
0.0026427 0.0011183 0.044086 0.00269686 0.00141919 
0.00219651 0.00249984 
0.00105254 0.00201664 0.00299196 
0.00180549 0.00158911 0.0020585 0.00447983 
0.00202876 0.00134739 0.00210437 0.00494783 
0.00513412 0.00253064 0.00112105 0.000845148 0.00369044 0.00998615 0.00235029 0.00189307 0.00394902 0.00213447 0.00139533 0.0017372 0.00291547 0.00140771 0.00303415 0.00226855 0.00093106 0.00051584 5.749e-05 0.000430088 0.00236341 
0.00135777 0.00323843 
0.00246736 0.00263194 0.00174591 0.00467567 
0.00271259 0.00693129 0.0122238 0.0050839 0.00299422 
0.00417481 0.00196375 0.00324027 0.00433797 
0.000876647 0.00395749 0.00132296 0.00344053 
0.00588688 0.00101473 0.000742452 0.00125179 0.00265538 0.00646125 
0.00296561 0.00394617 0.00804039 

0.000901875 0.00086237 0.00968207 0.00281737 
0.010651 0.00354586 
0.00148598 0.00118346 0.00209065 0.00263381 
0.00393275 0.0015148 0.00142564 0.00529727 
0.000750457 0.00163 0.00293986 
0.00257198 0.00152824 0.00345446 
0.012028 0.00117022 0.00046764 
0.00165582 0.00240973 0.0691669 0.00243 0.00133172 0.00163855 0.0011549 0.00121011 0.00118377 0.000323696 0.00184579 0.00340606 0.00268722 
0.00290057 0.000429186 0.0015417 0.00284852 
0.00143418 0.0010782 0.0170356 0.0149545 0.00193377 0.00239063 0.00958188 0.0030116 
0.00113532 0.0025402 0.00376901 
0.00675051 0.00144452 0.00166663 0.00436287 
0.000495081 0.00146353 0.00257077 0.0021711 0.00484143 
0.00405048 0.00115336 0.00216419 0.00405161 0.0041024 
0.00210862 0.000933084 0.00129461 0.00170207 0.00625233 
0.00265394 0.0053888 0.00383467 
0.0033383 0.000754575 0.00160179 0.00575057 
0.0011147 0.00147815 
0.00114463 0.00441748 0.00264725 
0.000543153 0.00102931 0.00443694 0.00114014 0.00270564 0.00298062 
0.00207373 0.00164504 
0.00640952 0.00116135 0.00386967 0.00401704 
0.00413979 0.00172059 0.000375304 0.00199837 0.00328049 
0.000631611 0.00477297 0.00344756 0.00833051 
0.00102063 0.001889 0.00134667 0.00236625 0.00228565 
0.0012993 0.00119884 
0.00131867 0.00187022 0.00145295 0.00451861 
0.00257358 0.00205019 
0.00140513 0.00660249 0.00128248 0.00150166 0.00639878 0.0100157 0.0042949 
0.00406183 0.00228233 0.00152114 0.00610086 
0.00211796 0.00249275 0.0695497 0.00138191 0.00116923 0.00341424 0.00335856 0.000563291 
0.00188034 0.00594117 0.00144455 0.00365243 0.00602352 
0.00129229 0.00200913 0.00517812 7.5053e-05 
0.00257232 0.00105335 0.00361171 
0.00106847 0.00197609 0.00286771 
0.00116429 0.00108429 0.000972669 0.00238314 0.00441516 
0.000575875 0.00153403 0.00180661 0.00203832 0.0034489 
0.00235695 0.000922263 0.000894431 0.00182731 0.00537288 
0.00123422 0.00146744 0.00447481 
0.00253593 0.000922254 0.00230072 0.00330085 
0.00169373 0.00134063 0.00152516 
0.00234206 0.00231885 0.000703037 0.00363802 
0.000601053 0.00301593 0.0228715 0.00473835 
0.00221941 0.00148076 0.00203916 0.00101588 0.00108724 
0.00192647 0.000857841 0.00150549 0.00305691 
0.00214759 0.00167465 0.00311107 
0.00193398 0.0016103 0.00472709 
0.00202252 0.00120524 0.00179377 0.00315326 0.00248987 
0.00187216 
0.000519928 0.00142013 0.00142639 0.00204118 
0.000744606 0.000737773 0.00141019 0.00199895 0.00319765 
0.00354921 0.00110402 
0.00168509 0.00329798 0.018789 0.00206248 0.00602974 0.000317153 0.00204067 0.00184921 0.00528573 
0.00184976 0.00160684 0.0029585 
0.00544001 0.00134898 0.00244051 
0.0015982 0.00134152 0.00433369 
0.00168644 0.00314811 
0.00311186 0.0023263 0.00484227 
0.000733565 0.00171314 0.00202535 0.00303133 
0.00369296 
0.00221956 0.00510193 0.00447265 
0.00108718 0.00213254 0.00248015 0.00402104 
0.00102779 0.00127527 0.00702424 0.00113292 0.000854334 0.0039162 0.0053378 
0.00127189 0.00102987 
0.00196422 0.00303733 
0.000746449 0.000711553 0.00144105 0.00274942 0.00177764 
0.00102939 0.00129616 0.00690015 
0.000887417 0.00233584 0.00592825 0.00249297 0.00556469 
0.000907486 0.00218826 0.00181228 
0.00171041 
0.000601614 0.00217249 0.00361584 0.00560398 
0.00279627 0.00445383 0.00231684 0.000802506 0.00233525 
0.000617204 0.00257656 0.00183752 0.00414342 
0.000938004 0.00129577 0.00283753 
0.00113746 0.00110514 0.00310168 0.00671147 
0.00059428 0.00111438 0.00204907 0.00346589 
0.0023649 0.00194399 0.00171264 0.00375084 
0.00170977 0.00290406 0.00494321 
0.00111509 0.00278296 0.00159336 0.00358701 
0.00100284 0.003898 
0.00147185 0.00127393 0.00218957 
0.00116512 0.00423416 
0.0017803 
0.00158807 0.00154448 0.0023456 0.00493725 
0.00147808 0.00128799 0.00302266 0.00172383 
0.00230306 0.00140586 0.0026011 0.00528679 
0.00440023 0.00118643 
0.00134104 0.00132305 0.00166042 0.00197328 
0.0032573 0.00451554 
0.00083035 0.00156081 0.000484341 
0.00073621 0.0013935 0.00510463 
0.00121242 0.00351348 0.00130229 0.00766679 
0.00271398 
0.00418881 0.00650383 0.0014781 
0.00460334 0.00217787 0.00136413 
0.00582818 0.00205475 0.00226017 0.0041169 
0.00271297 0.00202821 
0.000696664 0.000866157 0.000972088 0.00154549 0.00263216 0.00111947 0.00797688 
0.00142408 0.00100571 0.00204546 
0.00110451 0.0064422 0.0213148 0.00118662 0.00497325 
0.00167417 0.00107882 0.00322608 0.000736391 0.00139419 
0.000942342 0.0074197 0.00129522 0.00671741 0.00285335 0.0025627 
0.00327393 0.00628855 
0.00532883 0.00355421 0.00363582 
0.00114099 0.000768021 0.00153126 0.00595889 
0.00106393 0.00355455 0.00391404 
0.00131361 0.00128925 0.00116482 0.00435902 
0.000793018 0.00177086 0.00221609 0.00413461 
0.00125499 0.00271248 0.00158968 0.00169396 0.00391746 
0.0110621 0.00320189 0.00191838 0.000934678 0.00153355 0.00547263 0.00225536 0.0026614 0.0016645 0.00462886 
0.00154849 0.00358559 
0.00317984 0.00148761 0.00368808 
0.00174844 0.00364381 
0.00126625 0.00154992 0.00173401 0.00661608 
0.00106927 0.00181008 0.00178804 0.00230714 
0.00288162 0.00488814 
0.00168179 0.00253606 
0.000963803 0.00292249 0.00347232 0.00066255 0.00330121 
0.00280293 0.00626938 0.00134107 0.00215768 
0.00380983 0.00198165 0.00160292 0.00442361 
0.00332194 0.00308755 0.00209256 0.0039071 
0.000754575 0.0011732 
0.0010005 0.00137372 0.00152902 
0.000739376 0.00203514 0.00224409 0.00193924 
0.00169007 0.0195014 0.000892898 0.00307107 0.000310681 0.000464483 0.00496796 0.00186937 0.0019773 
0.00239677 0.00131449 0.00488036 
0.00118593 0.00120118 
0.00174902 0.00143793 0.00675314 0.00330187 
0.00257983 0.0935814 0.00113644 0.00301193 
0.000848874 0.00157696 0.00203359 0.00704092 
0.00129446 0.00129322 0.00432904 
0.00383466 0.00102088 0.000423104 
0.00151973 0.00447701 0.00305622 
0.00162495 0.000722494 0.00118195 0.00212014 0.0023813 
0.00349895 0.0021494 
0.00231616 
0.001698 0.00277689 0.00244914 0.00212845 
0.00090958 0.00464412 0.00235448 0.00185692 0.00255421 
0.00165098 0.000942302 0.00280002 0.0018487 
0.000889251 0.00103191 0.0016855 0.00434021 
0.00126388 0.00100026 0.00353331 0.00258751 0.000679271 0.00150661 0.0021686 
0.00306795 0.00309973 
0.00906908 0.00204357 0.0044272 0.00293654 
0.00457895 0.00241732 0.00109945 0.00539617 
0.0012191 0.00272663 0.00169339 0.00453894 
0.00175026 0.0126279 
0.00106465 0.00142453 0.00260865 
0.00221061 0.0360354 0.000421662 0.00191677 0.00168046 
0.00125259 0.00403318 0.00221963 0.00283201 
0.00105159 0.000913858 0.00153892 0.00361363 
0.000896676 0.00253993 0.00325305 
0.00110282 0.00155438 0.00150871 0.0023931 
0.00226216 0.00313514 
0.00123326 0.0016345 
0.0019393 0.00101925 0.00363366 
0.0053757 0.000601294 0.0044054 
0.000942552 0.00131207 0.00339363 
0.000627112 0.00110923 0.00199416 0.00230434 0.00211808 0.00402411 
0.00127435 0.00124847 0.00128143 0.00285337 0.00326876 
0.00101128 0.00128315 0.00462399 
0.00563964 0.00119607 0.00408565 0.00181055 0.00228539 0.00224759 0.00192522 0.00443057 
0.00212894 0.00370774 
0.00134415 0.00194239 0.031161 0.00217028 0.00236454 0.00527961 
0.0010396 0.0035689 0.00155027 0.00145041 0.00430897 0.00229547 
0.000877318 0.00142695 0.00179543 0.0084842 0.00290081 
0.00545013 0.00152904 0.00892573 
0.000658482 0.0033323 0.0018514 0.00500961 
0.00558424 0.00309916 
0.000985274 0.00188256 0.00239966 0.00475375 
0.00102674 0.00223018 0.00261928 0.0048935 
0.00150351 0.00370835 0.00615701 
0.00203829 0.00172632 0.00625946 
0.000469512 0.00139967 0.00235032 0.0025195 0.0037633 0.00179576 
0.00147744 0.00605859 0.00680707 
0.00472657 0.00261836 
0.00102344 0.00383888 
0.00165189 0.00224 0.00279249 
0.00170988 0.00427759 0.00634382 
0.0011689 0.00182076 0.00236868 0.003405 0.00238344 0.00107995 0.00490465 
0.00118 0.0018794 0.00160365 0.00473157 
0.00324208 0.00467643 0.00162821 0.00132418 0.00626122 
0.00242487 0.00190947 
0.00243156 0.00227032 
0.00113625 
0.00201304 0.00222155 0.00132323 
0.00434229 0.00132382 0.00944986 
0.000780194 0.00134688 0.00223511 0.0031428 
0.00108009 0.0024893 
0.00179122 0.00623515 0.00142855 0.00131123 0.00345945 
0.00439571 0.00180687 0.00431139 
0.00523905 0.0222793 0.00565396 
0.00157098 0.00259588 0.00406659 
0.000931371 0.00123729 0.00554513 
0.00201966 0.0049438 
0.00188148 0.00742352 
0.0037292 0.00131677 0.00339926 
0.00286403 0.0034471 0.000666388 0.000914249 
0.0011314 0.00174394 0.00463947 
0.000464714 0.00154412 0.00307224 
0.00214654 0.00437114 
0.00120056 0.00241863 
0.00125484 0.00476759 
0.00161239 0.000703308 0.0184666 
0.000813767 0.000739506 0.000965666 0.0014121 0.0068451 
0.00095739 0.00325176 0.00399145 
0.000518486 0.000606744 0.00152335 
0.00259958 0.00283951 0.00159245 0.00268439 
0.00229566 0.00105767 0.00193826 0.00329934 
0.00342286 0.00122759 0.00500228 
0.0011666 0.000836812 0.00193465 0.00195033 0.00522742 
0.00333147 0.00136764 0.00425411 0.00460428 
0.000896344 0.00208662 0.00361795 
0.00100304 0.000953693 0.00181744 0.0011373 0.00335633 0.0017357 
0.000968121 0.0021515 0.00589632 
0.00167304 0.00383869 0.00310547 0.00574851 
0.00360294 0.00285757 0.0351761 0.00131357 0.00348736 0.0402267 0.00156227 0.000464333 0.00149989 0.00227259 0.00217786 0.00198425 
0.000698949 0.00379112 0.00164314 0.00608704 
0.000677688 0.00245869 0.00122031 0.00141023 0.00329606 
0.0012806 0.000987408 0.00462506 0.00104762 0.00634116 
0.00129474 0.00138712 0.0115919 
0.00131208 0.00111613 0.00100348 0.00328744 
0.00176283 0.00156585 0.00443254 0.00514152 
0.000651189 0.000877529 0.00443189 0.0029313 0.00314462 
0.00110485 0.000945428 0.00158425 0.00206823 0.00189876 
0.000714117 0.00289401 0.00237942 0.00144844 0.00496863 
0.00221394 0.00418282 0.0067291 
0.000622003 0.00109482 0.00187406 0.00575133 0.00209878 0.00166427 
0.00219344 0.00134502 0.00114323 
0.00236213 0.0729071 0.00496572 0.00189904 0.00234861 0.00183078 0.00126352 0.00109706 0.00159505 0.00168444 0.00193848 0.00471651 0.00176582 0.00108738 0.00188423 0.014915 0.00135312 0.000309449 0.00105614 0.00156946 0.00257543 
0.000561488 0.0015345 0.00230521 0.00445105 
0.0024426 0.00318889 
0.00196695 0.00287109 
0.00247008 0.0023336 0.00741379 0.000900101 0.0030366 0.000901184 0.00232665 
0.00325369 0.00140864 0.0017611 0.00386361 
0.00195529 0.00225043 0.00227345 
0.00527154 0.00187198 0.0014997 
0.000958693 0.0013861 0.00318763 
0.00264084 0.00256827 0.00193298 0.00571151 
0.0011285 0.00512455 
0.00109394 0.00197394 0.00217255 0.00177 
0.00161216 0.00122836 0.0010472 0.00146371 0.00272382 0.00396786 
0.00167912 0.0014658 0.0036583 
0.00192212 0.00122567 0.00311501 0.00466056 
0.0019207 0.0016473 0.00221954 0.00333437 
0.00122359 0.00160199 0.00496794 
0.00151354 0.00299758 0.00124099 0.00245329 0.00987597 
0.00330905 0.00155364 
0.00391429 0.00554349 0.00107989 0.00121582 0.00228117 
0.0066879 0.00270517 0.00441537 
0.000907996 0.00131078 0.00130976 0.00403414 
0.00182956 0.0017304 0.00181723 0.00470565 
0.00168134 0.00341694 0.00589764 0.0135062 0.00274977 0.00332408 
0.00374478 0.00114508 0.00322009 0.00563404 
0.00591448 0.00208555 
0.00215631 0.00119468 
0.000639596 0.00103324 0.00191622 0.0031376 
0.00155345 0.00298725 0.00409806 0.000761198 0.00204613 0.00275773 
0.00189253 0.00136709 0.0012244 0.00256746 
0.00125789 0.00117666 0.00208633 
0.00599086 0.00183619 0.000930269 0.00153099 0.0200713 0.00487513 0.00184957 
0.00498703 0.000986726 0.00112473 0.00223521 
0.00117757 0.00106466 0.00266569 0.00440066 
0.00174012 0.00147193 0.00282451 0.0014284 
0.00119349 0.00184572 0.00290981 
0.00107607 0.0103724 0.00472304 
0.000822484 0.000866778 0.00269161 0.00358287 
0.00119252 0.00357614 0.00374402 
0.00127503 0.00278663 0.00262005 0.00443361 
0.000864965 0.002407 0.00214839 0.00216962 
0.00437771 0.00150879 0.00277941 0.00227817 
0.00892622 0.00448064 
0.000737924 0.00218205 0.00257357 0.00669572 
0.000765356 0.00165807 0.00165443 0.00324938 0.00250821 0.0039004 
0.00286039 0.000803388 0.00161366 0.00405614 
0.00194618 
0.00201442 0.000880134 0.00388437 0.0016759 
0.000882227 0.00154657 0.00199734 0.0062762 
0.000902706 0.00270496 0.00731426 0.00244084 0.00192926 
0.00377003 0.00101156 0.00293838 
0.00205616 
0.00183458 0.00432576 
0.00111261 0.00303002 0.00217504 0.00105263 0.00394855 
0.000676537 0.00236653 0.00514337 0.00399204 0.000995433 0.00142606 0.00132998 0.00285743 0.00338207 
0.00295425 0.00910989 0.00284135 0.00310582 
0.0029431 0.00171314 0.0180106 0.00120825 0.00183787 0.00580226 
0.00123836 0.00145764 0.00194928 0.00429455 
0.0026159 0.00442977 0.00237489 
0.000865836 0.00268238 0.00105807 0.00386381 0.00259855 0.00659285 
0.000771256 0.00100504 0.00320153 0.000897817 
0.0116646 0.00078353 0.000413286 0.000507786 0.00205051 0.00416649 0.00137142 
0.00102042 0.00173539 0.00293105 0.00300698 
0.0069168 0.00414272 0.000798198 0.00400241 
0.00119226 0.00232061 0.00236871 0.00313298 
0.00123105 0.00153539 0.00278942 0.00354524 
0.00337816 0.00193089 0.00244545 0.00719531 
0.00142486 0.00371008 
0.000907065 0.00199096 0.011417 0.00167465 
0.00322002 0.00160002 
0.00151331 0.00163937 0.00719318 
0.00138706 0.00139442 0.00285334 0.00639078 
0.000655166 0.00166615 0.00197508 0.00278087 0.00225686 
0.00133937 0.0023076 0.00139389 0.00262614 0.00403639 
0.00163014 0.00138295 0.0017359 0.00361277 
0.00152478 0.00142237 0.00407476 
0.00116095 0.000971828 0.00435568 0.00529862 0.00287906 
0.001954 0.000671967 0.00169636 0.00797636 
0.00111779 0.00191624 0.00307062 0.00455537 
0.00301583 0.000594401 0.00364845 0.00139515 0.00681653 
0.00488404 0.00305916 0.0110904 0.00162657 0.00068413 0.00320936 
0.00224667 
0.00131028 0.00189951 0.00699562 
0.000666668 0.000677038 0.00208528 0.00153385 0.0040325 0.00341352 
0.00115235 0.00251265 
0.00108948 0.00162156 0.00342205 
0.0049152 
0.000993258 0.00244955 0.00131022 0.00421128 
0.00489686 
0.000545177 0.00113424 0.00131745 0.00234228 0.00675411 0.0128598 0.00436672 
0.00261999 0.00240718 0.00185878 0.00499477 
0.00151212 0.00166328 0.00253888 
0.000346118 0.00101292 0.00245532 0.0036424 
0.0012549 0.00210467 0.00473781 
0.00140054 0.00273082 0.00246636 0.00691028 
0.00159882 0.00212735 0.0144341 0.00469124 0.0060085 0.000440137 0.00216672 0.00454462 0.000551349 
0.000886024 0.00161082 0.00660313 0.00341378 0.00205339 0.0528537 0.0017321 0.00228541 
0.000994692 0.00102722 0.00244886 0.00208318 
0.00187433 0.00233593 0.00522315 
0.00193661 0.00169041 0.00374468 
0.00218001 0.00380943 0.0018205 0.00136189 0.00229921 0.004701 
0.00114983 0.00169548 0.00269321 0.003538 
0.00250314 0.00185074 
0.00209819 0.0022868 0.00201556 0.01156 
0.000754876 0.00197389 0.00105515 
0.000863302 0.000726682 0.0029828 0.00519997 
0.000851289 0.00590654 0.00126781 0.00140513 0.00299062 0.0012713 0.00115935 0.00089903 0.00090476 
0.00169966 0.0940712 0.00117644 0.00268625 0.00052597 0.000647592 0.00223703 0.00482607 
0.0019418 0.00296717 0.00622528 
0.000960296 0.00346238 
0.00127774 0.0010245 0.00181774 0.00429474 
0.0024191 0.00380455 
0.00242174 0.00558839 
0.000992368 0.00140933 0.00211584 0.00225264 0.00543352 
0.00147102 0.00352356 0.00304419 
0.00275765 0.00205152 
0.00494476 0.00330723 
0.00137224 0.0062466 0.00754912 0.00150953 0.00254225 0.00384717 0.00794386 0.0032166 
0.00647762 0.00207017 0.00836338 0.00235812 0.00568023 
0.00109661 0.00194103 0.001793 
0.000661649 0.00190098 0.00391403 0.00185464 0.00373815 
0.00240476 0.00730949 0.0290599 0.000512284 0.0052198 
0.00169727 0.000947281 0.00257898 
0.00222148 0.00614661 
0.000967259 0.00200159 0.00429586 
0.00183803 0.00231642 0.00363966 0.00442156 
0.00203355 0.00523281 0.00124869 0.00176449 0.00329043 0.00374411 0.0105218 
0.00078373 0.00143143 0.00191834 0.0022209 
0.000616943 0.00229277 0.00222369 0.00483709 
0.00165109 0.00146107 
0.00727303 0.00421778 
0.00113839 0.0013526 0.00443363 0.00213373 
0.0014003 0.00224901 0.00238532 
0.000934958 0.00259586 0.00567105 
0.00133268 0.0048996 0.00276148 0.00320134 0.00180011 
0.000664734 0.00161632 
0.00103887 0.000690142 0.00172637 0.00273218 
0.00142249 0.00210536 0.00376125 
0.00611584 0.000929378 0.00149776 0.00181274 0.00360125 
0.0062988 0.00139945 0.00325903 0.00401872 0.00124953 0.00172629 
0.00132571 0.00261999 0.00541564 
0.00110927 0.00444595 0.00244732 0.00504555 
0.00211857 0.00391702 0.00123571 0.00185904 0.00813527 
0.00319066 0.00162409 0.00246901 0.00182873 0.0054335 0.0206199 0.00198321 
0.00108408 0.0024822 
0.00101754 0.00247979 0.00113908 0.00286461 0.00241506 0.00305475 
0.00203702 0.0120567 0.00238442 0.000749114 0.0069233 0.00274682 0.00163789 0.00184375 0.00066263 0.00195555 0.00164456 0.00423295 
0.00113565 0.00120808 0.000424698 0.00301987 0.00178229 
0.000845087 0.00142288 0.00223058 0.00179799 
0.00257469 0.00824697 0.00111328 0.00264154 0.00140295 0.00429597 
0.00150621 0.00211444 0.00267569 
0.00198208 0.000847702 0.00466829 0.00154941 0.00415988 
0.00205789 0.00125988 0.00170765 0.0028838 
0.00141679 0.00253219 0.00404636 
0.00118514 0.00209866 0.00203849 0.0055263 
0.00252343 0.00266084 0.00232717 0.00183789 0.00149925 0.00199533 0.00438798 
0.00323763 0.00362563 0.00245967 
0.0008515 0.00267389 0.00166629 0.0037474 
0.00358326 0.00347024 
0.00145902 0.00184999 0.0056429 
0.00180783 0.00179917 
0.00125221 0.0040957 
0.00193763 0.00357624 0.00173412 0.00325161 
0.00135875 0.00157044 0.00493003 
0.00123263 0.0023057 0.00254841 
0.00109245 0.0103538 0.00208891 0.00571663 
0.00165409 0.00120117 0.00158396 0.00198556 0.00720242 
0.000676937 0.00268874 0.00329126 0.00329716 
0.00142593 
0.00215407 0.00167412 0.00226431 0.00178617 0.00529061 
0.00113964 0.00127666 0.00326357 
0.00146937 0.00292159 0.00254944 0.000646599 0.00309179 
0.000672979 0.00244118 
0.0026515 0.00644027 0.0165671 0.00136376 0.00270144 0.00286804 
0.00231693 0.00112948 
0.00132522 0.000592426 0.00156329 0.00695298 0.00164059 0.00360225 
0.00158588 0.000780714 0.00747065 
0.00093117 0.00279845 0.00159293 0.00589699 
0.00237337 0.00264318 
0.00222579 0.00111423 0.00205167 
0.00401343 0.00172467 0.00330781 
0.00330233 0.0012952 0.00218959 0.00351613 0.00354911 
0.00109269 0.0094663 0.00370384 0.00223079 0.00137697 0.00713896 0.00221676 
0.00131021 0.00128549 0.00299434 0.00312595 0.00576266 
0.00375399 0.00605306 0.00129794 0.00693546 
0.000739897 0.00152183 0.00218621 0.00293195 
0.00158456 0.00142234 0.00211904 0.00388518 
0.000846931 0.00311016 0.00385017 0.00600098 
0.00168291 0.00185086 0.00216952 0.00262842 0.0114515 
0.00174614 0.00254492 0.00303183 
0.000693238 0.00463934 0.00152924 0.00534601 0.00387108 
0.00250169 0.00134683 0.00599248 
0.00198316 0.00121712 0.00877194 
0.00571758 0.00304915 0.00918517 
0.0014082 0.00193148 0.0116264 0.00194095 
0.00100161 0.00507936 0.00160797 0.0030567 
0.00107357 0.00237208 0.0013288 
0.00502648 0.00131852 0.0028444 0.00300809 
0.00229691 0.00197341 
0.00123652 0.00135473 0.00314419 0.0108936 
0.00133172 0.00121717 0.00472095 
0.000998819 0.00243541 0.00489068 0.00375076 
0.00314884 
0.000735168 0.00275501 0.0156096 
0.00079415 0.00321269 0.00383276 0.00181466 0.00531488 
0.00120365 0.00221715 0.00275822 
0.000876908 0.00177117 0.00965157 
0.010228 0.00348333 0.00123176 0.00245372 0.00391729 
0.000847972 0.00139445 0.00203349 0.00512111 
0.000568101 0.0039409 0.00554857 0.00163395 0.0162959 
0.00149568 0.00108677 0.000948133 
0.00133524 0.00149339 0.00621087 
0.000671436 0.00189415 0.00207129 0.00160624 
0.00134828 0.00244008 
0.00243152 0.00196912 0.00537292 
0.00340882 0.00220289 0.000323545 
0.00358011 0.00148047 0.00761474 
0.00105131 0.00242156 0.0036512 
0.00212748 0.00628701 0.00237539 0.00217793 
0.00186026 0.000810442 0.00181265 0.00521108 
0.00108308 0.00304526 0.00424912 
0.00270224 0.0412924 0.00197331 0.0126508 0.00319213 0.00348318 0.00351177 
0.00119577 0.00354187 
0.000945899 0.00110456 
0.0038216 0.00246755 0.00304376 
0.00127403 0.00581274 0.000769985 0.000742152 0.000754155 0.00508876 
0.00303812 0.000590563 0.00101373 0.00230708 0.0037881 
0.000943474 0.00107609 0.00282039 0.00328561 
0.000748654 0.000630519 0.00125947 0.00167321 0.00790982 
0.00224694 0.00126041 0.000832072 0.0011914 
0.00137806 0.0015087 0.00332472 0.00156792 
0.00540517 0.0048041 0.000931711 0.00228742 0.00227234 
0.00132075 0.00235841 0.00303137 
0.00194263 
0.00141023 0.00360115 
0.00162225 0.00155548 0.00420067 
0.00116773 0.0015284 0.00149424 0.00233584 0.00287707 
0.00561226 0.00164188 0.000633084 0.0096088 
0.000854906 0.00535562 0.00307634 
0.00320854 0.00219102 0.00655122 
0.00158244 0.0025626 
0.00292817 0.00214521 0.00288569 
0.000987087 0.00143604 0.00136312 0.00595502 
0.00154276 0.00138343 0.00258096 
0.00123777 0.00249837 0.0021194 0.0080537 0.00226128 0.00337837 
0.00199506 0.00193119 0.00365234 
0.001807 0.00119872 0.00263652 
0.00501433 0.00170582 
0.0030408 0.00790401 
0.000888935 
0.00188598 0.00151357 0.0027795 
0.00115133 0.00273694 0.00534783 
0.00198731 0.00151045 0.00413029 
0.00245161 0.00269552 0.00472601 
0.00141353 0.00125711 0.00305441 
0.000750316 0.00219088 0.00238699 0.00515908 
0.000765385 0.00135189 0.00268285 
0.00105062 0.000838455 0.00298765 
0.00318261 0.001676 0.00540394 
0.000711613 0.00187664 0.00144646 
0.00219067 0.00351545 0.00121429 0.00188791 0.00419704 
0.00164716 0.0026103 0.00256156 
0.00181179 0.00270572 
0.00109181 0.00311174 0.00285697 0.00256174 
0.000753512 0.0012839 0.00107203 0.00174671 0.00188496 
0.00147148 0.00310329 0.00425048 0.0029868 0.00489415 
0.000743333 0.00183963 
0.000932553 0.00146821 0.00209615 0.00392774 
0.00168391 0.001215 0.00361462 0.00743262 
0.00200494 0.00263042 0.00198101 0.00360137 
0.00115078 0.00129549 0.00218926 0.00284822 
0.0012856 0.00192417 0.0049467 
0.00675321 0.00118245 0.000499971 0.0137362 0.00298922 0.00342338 0.00256253 0.00293631 0.00544794 0.00214917 
0.00207118 0.00555361 
0.00143028 0.00368012 
0.000739306 0.00320748 0.00181457 0.00305848 
0.000488318 0.00165573 0.00435762 
0.00107512 0.00494569 
0.000911814 0.0017521 0.00465502 0.00383339 
0.00204688 0.00208387 
0.00147123 0.00188467 0.00161272 0.00250507 0.0034493 
0.00126418 0.00104911 0.00278368 0.00178935 0.006803 0.00361158 
0.00121046 0.00155059 0.00428735 
0.00157158 0.0017488 0.00133899 0.00262847 0.00228277 
0.00182179 0.0020358 0.00320875 
0.00168886 0.00206887 0.00261142 
0.00148598 0.00125612 0.00235097 0.00414784 0.00242598 
0.00111547 0.0154447 0.00271999 0.00110188 0.00390823 0.00168385 0.00246661 0.00218668 0.00547734 0.00259675 0.00131345 0.000944115 0.000506754 0.000771857 0.00546547 
0.000863582 0.00136294 0.003625 
0.00197168 0.00291381 0.00288813 0.00298882 
0.00402526 0.0170109 0.000834617 0.00135919 0.00364024 
0.00398159 
0.000789932 0.00163713 0.00403833 
0.00491242 0.000533024 0.0030837 
0.000979974 0.00282117 0.00580968 0.00766346 0.00180279 0.00340443 
0.00131619 0.00082577 0.00279801 
0.000993259 0.0015818 0.00310522 
0.00342471 0.00187211 0.00196232 0.00128927 0.00113929 0.00277643 
0.00139267 0.00208088 0.0036205 
0.000707465 0.000854184 0.00135339 0.00263965 
0.00172116 0.00142823 0.00454423 
0.00425792 0.00313084 0.0023479 
0.00312128 0.00129054 0.00603135 
0.00167011 0.00146081 0.00231227 
0.000655997 0.00264557 0.00143702 0.0026137 0.00206345 0.0133962 
0.00131064 0.00282886 0.00334771 0.00394205 
0.00233492 0.0013295 
0.00474348 0.0030713 
0.00127986 0.00402333 0.00398691 0.00761937 0.00166358 0.00101105 0.0016543 0.000266677 0.00497336 
0.00109745 0.0011796 0.00173102 0.00319425 
0.000713416 0.00538745 0.00212457 0.00241573 0.00197877 0.00213898 0.00944014 0.00313657 
0.000866718 0.00129104 0.00331875 0.00518954 
0.00151028 0.00421497 0.000627122 0.00138485 0.00407995 
0.00147644 0.00271542 
0.00117043 0.00142581 0.00216349 0.00730647 
0.00236929 0.00108218 0.00149754 0.00400031 
0.00276653 0.00130113 0.00137681 
0.00134344 0.00141709 0.00255728 0.00107769 0.00297684 
0.00241406 0.00203838 0.00301291 0.00261925 0.00169751 
0.00142541 0.00133288 0.00212857 0.00453516 
0.000840769 0.00198793 0.00390138 0.00211346 
0.00121005 0.000852 0.00750405 0.0020701 0.00648292 
0.00183062 0.00159214 0.00228753 
0.000909179 0.00144013 0.00158009 0.0033326 
0.00251703 0.00142953 0.00444637 
0.00189584 0.0032577 0.00424609 0.000817104 0.0019698 0.00386307 
0.000439055 0.0019465 0.00150883 0.0051496 
0.00428842 0.00202606 0.00094659 
0.00152849 0.00256752 0.00232722 0.00119192 0.00245683 
0.00510473 0.00168131 0.00542761 0.00381501 0.000476236 
0.00105388 0.000705392 0.00258452 0.00451992 0.003696 
0.00532777 0.00292201 0.00415641 
0.00298003 0.00176529 0.00937417 
0.00177612 0.00311347 0.00330375 0.00234254 0.00540285 
0.00152485 0.00133287 0.00283221 
0.00339407 0.000975876 0.00138609 0.00377597 
0.0017308 0.00291675 0.00706372 0.00275657 
0.00130498 0.000872078 0.00192465 0.00398922 
0.00114277 0.00196424 0.000932393 
0.00159637 0.00115832 0.00293018 0.00404095 
0.000857911 0.0010957 0.00201445 
0.000771216 0.00263947 0.00150506 0.002321 0.00161311 
0.0005944 0.00162918 0.00294007 0.000670134 0.00232893 
0.000933696 0.00129079 0.00145107 0.0017454 0.00124496 
0.00145725 0.000944927 0.00690745 0.00281588 0.00130581 0.00427252 0.00406271 0.00404223 
0.00192534 0.0054122 
0.00117863 0.00253247 0.00224289 0.00283721 
0.00369318 0.00100696 0.00490656 0.00292751 0.0033268 
0.00256329 0.0010228 0.00398178 
0.000919078 0.000756619 0.00136301 0.0034825 0.00336094 
0.00131232 0.00197531 0.00282898 
0.00197052 0.00165158 0.00193716 0.00501281 
0.00310369 0.00365692 
0.00117557 0.00123185 0.00263366 
0.000829538 0.00152279 0.00590924 
0.00183804 0.000843033 0.00102779 0.00220718 0.00555849 
0.00154678 0.00550308 0.00316638 0.00136333 0.00109864 0.000477758 0.00256809 
0.00681371 0.000791705 0.00176134 0.00330371 
0.000676707 0.000999951 0.00173165 0.00509294 
0.00420264 0.00094638 0.00195992 0.00549452 0.0111129 
0.000992567 
0.00178374 0.00603165 0.00756229 
0.00087811 0.00307403 
0.00106954 0.00165775 0.00222353 0.00313638 
0.00216762 0.00836835 0.000902366 0.00197543 
0.000972058 0.00115115 0.0011338 0.00519035 
0.00214086 0.00139432 0.00226348 0.00308772 
0.000676367 0.000711312 0.00139994 0.00165812 
0.0019181 0.00062078 0.0020258 0.00306091 
0.00119425 0.00122363 0.00118362 0.00679337 0.00243748 
0.000792838 0.00130786 0.00120176 0.00579621 
